833 566 833 833 833 522 833 833 200
478 833 833 833 67 833 115 605 833 833 833 19 833 600 709 833 833 198
833 564 542 833 833 316 833 278 833 400 833 833 460 833 833 494 833 231 757 833
409 290 833 603 833 833 833 90 833 619 327 833 833 833 833
833 646 120 442 514 833 833 833 176 370 706 417 833 301 833 702
644 833 380 85 833 391 770 50 293 709 833 310 52 833 702 833 789 829 833 833 85 833 833 463
819 833 425 833 576 833 380 833 699 833 833 715 833 817 67
833 19 67 754 833 756 781 580 781 39 19 833 600
370 833 204 421 833 371 661 50 293 833
833 833 218 833 833 833 741 833
370 825 421 741 833 833 833 833 833 833 746 382 583 500 44 54 44 833 833
643 833 833 833 833 833 833 833 552 711 833 817 688 421 833 552 833 186 833 706 204 833 35 225 198 833 833
644 19 825 486 833 198 380 833 442 27 833 833 830 833 833 833 506 833 580 833 833 381 638 54 13 19
789 833 833 426 833 321 833 123 205 631 833 510 478 325 833 833 663 586 833 568 833
833 833 833 712 833 833 833 833 510 478 833 39 0 833 189 293 214 517
833 773 833 114 833 833 111 833 833 833 673 451
833 833 765 560 833 478 493 717 348 609 111 722 833 160 67 34 189 833 787 478 493 833
833 833 335 833 800 833 757 833 833 204 833 795
833 507 613 833 721 833 514 833 510 833
712 380 833 409 576 617 833 796 67 819 833 833 24 311 833 665 833
781 486 833 833 833 596 286 519 530
833 833 710 382 833 312 833 286 833 232
833 407 380 833 431 780 293 345
712 380 833 384 203
833 338 833 483 380 765 833
833 833 728 622 833 613 522 833 264
833 725 759 833 765 247 11 666
833 23 833 833 350 833 833 437 767
833 773 468 833 833
833 833 833 442 679 833 833 833 663 18
367 577 67 833 87 699 833 274
447 833 833 833
833 185 344 84 833 343 350
833 833 833 92 293 350 445 822 833 833 833 824 589 833
833 833 350 833 431 833 111 833 186 578 833
549 833 521 833 833 833
746 612 785 833
833 313 833 634 833 833 541
833 284 344 833 833
781 335 833 436 833 572 833 833
833 24 488 47 357 510 833
204 833 510 833 833 308
833 833 350 833 153 52 47 511
417 451 343 825 833 828 56
833 92 380 833 294 833 833 683
833 833 833 833 833 767
833 833 833 833 452
833 833 606 833 833 352 833
833 833 833 380 500 234
833 457 781 761 833 620 380 495 432 833
833 509 833 833 833 382 833
593 476 833 47 348 833
833 833 46 286 98
833 380 507 512 280 833 825
833 591 664 833 833
388 441 833 672 833 833 833 702
833 630 380 145 833 657 39 833
833 833 785 833 510 833 833 833 833 833 833 626
704 785 793 520 833 833 833 732 833 833 833 785 833
833 52 727 833 796 613 370 833 92 332 42
833 599 833 833 500 704 823 364 445 535 603 350 704
833 24 330 833 684 828 833 34 26 796 67 833 833
833 513 833 833 833 152 833 833 500 421 833
833 810 746 833 833 442 833 833 47 411 833 833 344 584 286 500 336 721 833 833 759
833 39 314 833 833 833 833 120 270 241 833 486 749 512 595
833 380 478 259 833 833 833 833 833 833 651 746 833 704 491 833
833 743 833 833 833 525 510 290 833 833 817 335 500 531 833 143
833 185 500 133 510 833 698 286 833 833 500 833 590 708 833 198
833 710 833 796 114 833 585 123 514 833 796 833 833 90 512
833 583 773 833 310 833 809 111 833 24 728 833 833 210
833 24 833 478 833 824 833 583 773 833
833 575 520 833 465 638 833 321 833 665 548 833
706 313 704 215 833 706 313 583 312 612
704 833 495 365 165 833 833 833 498 185 706 335 465 833 310 833 833 833
240 833 110 638 833 784 833 833 473 20
833 817 335 833 833 559 111 478 833 778 312 234
833 833 302 172 833 781 786 704 824
126 39 312 833 286 706 39 833 833 39 500 833
781 335 488 76 833 833 498 335 781 833 12
833 186 773 833 310 833 833 181 824 833 784 833
644 833 833 47 833 205 514 833 772 833 833 833 787 380 712 833 795 24 833 18 833 787 380 712 19 6
19 825 486 833 198 380 539 757 833 833 833 833
321 833 404 787 833 311 833 328 833 817 335 488 833 378 833 624
833 322 321 344 168 833 833 833 833 441 709 19 833 814
19 833 774 833 833 833 111 833 321 495 368 363 474 833 817 833 833
833 477 67 833 833 645
833 784 52 833 833 833 833 613 787 321 76 833 833 833 833 47 787 833 603
80 833 799 833 833 833 833 513 833 260
833 833 363 833 119 833 798 0 462
833 833 338 350 833 833 624 833 833 833 389 833 359 341 833 13 833 833 833 490
44 833 434 520 833 799 833 603 833 148 770 115
704 623 335 76 833 721 833 833 545 111 712 778 833
833 833 833 84 833 833 321 238 615
705 27 43 833 302 828 780 833 652 833 833 8 833 683 381 833
706 604 833 201 39 833 84 291 111 712 125 833 833 520 833 833 833 833
833 161 833 439 344 833 833 833
204 565 534 112 510 833 201 833
833 120 427 344 833 364 833 833 44 431 44 833 833 833 787 833 335 833 604
704 39 265 709 85 833 833 699 833 833 833 541
500 19 535 794 833 39 435
833 833 785 520 833 833 833 833 833
833 263 833 833 833 833 833 833 510 833 52 833 828 485 789 833 771 378 833 596
204 833 833 478 833 833 694 451 829 740 833 343 478 833 319
833 288 833 230 833 833 573 833 833 681 47 787 833 288 704
746 468 177 833 19 352 558 817 67 833
833 380 500 421 833
705 833 584 833 833 335 833
833 434 80 833 205 833 186 421 787 833 603
833 833 833 833 173 833 286 833 418 833 111 789 833 269 288 833 704 833 643 833 704
833 833 833 47 352 833 111 706 391 833 52 833 833
833 321 833 833 833 833 833 833 833 833 52 596 833 833 833
496 439 833 542 833 424
706 118 520 344 481 721 833 833 111 785 459 833 501 111 833
833 321 833 833 378 352 833 833
825 122 833 38 833 833 111 787 6 61 833 833
833 199 647 421 833 796 238 67 510 478 735 425
833 833 833 391 603 352 833 471
833 321 833 833 550 790 833 833 526 6 81 526
833 674 321 618 833 638 321 352 209
833 410 833 373 416 833 833 540 47 833 833 510 833 833 176 380 833 54 368
67 124 833 833 112 833
833 186 833 833 776 833 833 321 743 520 833 783
833 833 833 633 833 833 833 833 797 833 833 19 833 780 833 833 833 182
833 817 513 682 370 833 395 833 272 311 833 833 833 338 719 833 833 197
352 833 817 335 833 10 370 833 778 286 352 670
833 417 833 833 279 757 378 833 17 833 344 360 833 209
352 833 833 513 321 629 833
704 833 833 833 352 833 833 833 833 833
833 833 833 833 833 833 47 833 833 833 391 769 286 833 833 833 833 153 21
638 431 833 833 286 833 274
833 576 617 833 833 833 576 617 6 833 576 617
833 606 833 332 833 4 833 338 833 833 833 828 833
833 744 520 825 204 486 19 833 669 825 375 825 185
833 379 833 833 833 778 435 510 35 833 833 596
833 739 380 833 825 833 286 828 833 833 362
833 418 833 352 833 833 9 833 272 107 19 41 350
716 833 833 629 833 833 833 249
501 614 520 833 545 244 833 777 440 833 833 63
833 180 833 427 352 833 115 833 833 69 833
833 833 833 833 352 833 833 833 833
833 833 833 833 833 734 120 833 348 668 143
833 833 833 705 833 833 833 340 833 833 349 833 342 833 833 783
833 459 27 377 745 792 833 646 510 833 833 833 50
47 833 464 833 778 833 833 476 833 833 429 27 249
712 441 350 261 421 27 833 833 279 833
833 833 230 833 582 833 833 613 647 833 338 807
833 274 833 833 833 787 833 833 321 833 604
833 833 833 833 833 100 403 833 833 833 510 833 517 625
833 410 833 833 416 833 352 833 833 321 833 608 833 538 833 458 833 561 833
47 833 464 833 582 833 321 833 833 616
833 805 795 47 833 833 833 509 234 833 310 833 833 111 500 509 234 833 114 833
833 603 495 379 46 451 833 131 111 775 451 833 7 344 286 794 833 380
833 833 833 833 833 833 378 833 833 833 833 569
704 120 488 67 728 445 833 510 27 365 165 833
833 833 833 833 833 751 833 584 712 833 833 833 833
833 391 774 833 694 825 833 833 613 833 833 825 335 286 828 135 115 833 780 825 433 47 344
240 606 706 833 833 756 706 581 363 171 833 120 67
833 833 797 833 270 833 182 833 833 569 356 833 833 833 67 833 344
833 808 316 424 421 833 833 833
488 833 833 833 833 833 833 833 718 825 749 833 109
833 269 751 833 833 833 344 833 833 495 545 286 833 833 310
214 833 794 405 825 332 833 189 833 833 794 825 39
833 71 833 833 833 677 833 833 833 833 833
706 575 41 833 833 833 270 833 706 321 736 52 833 721
2 822 833 833 663 833 833 833 464
833 833 833 241 132
833 334 833 833 438 787 833 334 6 833
576 807 833 294 833 517 576 807 166 833 576 617
833 91 833 186 310 242 44 833 248
833 543 785 833 833 706 785 482 833
833 127 350 506 833 833 649 635 833 833 833
44 833 768 286 833 624 833 833 833 833 833 833 833 338 779 131 833
833 729 512 433 47 787 833 749 833 683 833 833 833 342 520 833 704
833 288 352 833 833 377
833 220 781 335 47 833 734 332 441 833 734 468 833
833 833 833 833 833 531 78 350 44 833 833 833 179 833 833 833 514 833 168
512 634 833 817 131 344 833 111 791 833 817 67 286 85 514 286 814 833 824 833 67 833
833 833 833 833 833 833 352 833
833 833 833 785 255 814 699 237 833 833
833 833 1 378 833 833 344 756 833 751 833 454 833 160 217
833 39 833 370 825 101 833 833 833
370 34 833 833 825 790 825 785 391 604 825 785 833 392
833 833 833 833 833 286 468 833
706 718 833 833 744 828 97 378 228 56
554 833 557 39 500 84 286 833
833 817 335 76 833 85 494 370 833 833 491 833 759 786 833 833 833 833
833 127 478 833 833 833 478 833 55
833 76 833 451 19 176 833 769 286 828 471 421 833 833 654 833 833 833 833 833
382 500 507 825 270 833 833 60 510 833 668
44 825 156 19 833 553 833 833 374 830 833 833 811 825 833 833 833 833 253 752
833 833 833 51 148 293 833 833 833 89 833
825 581 829 500 20 44 825 833 833 828 833 833 828 833 13 833 431 176 833 548 833 833 833 388 833 833 833
829 833 791 514 500 833 833 350 111 765 833 833 825 808 833 745 485
828 833 93 828 259 833 833 129 111 833 833 301 461
833 380 312 47 218 833 833 695 833 6 352 228 558
370 478 116 321 833 353 833 817 67 468 226 699 478 103 353
833 48 833 833 73 535 510 833 833 725 451 833
665 769 286 833 709 833 391 328
139 833 198 501 380 663 833 138 13 19
833 833 638 833 833 791 514 500 833 833 833 833 252 833 665 833 156 370 833 623
585 380 833 699 564 286 679
510 833 833 293 512 833 696 788 828 259 277 833 576 833
347 833 833 96 62 833 199 442 474 616 286 833 636
833 768 286 833 665 627 833 742 833 833 310 627
382 474 468 190 833 547 697 833 833 95 57 699 833 380 833 94 833 833 697 57
833 321 641 833 490 833 620 111 496 833 620 833 833
833 316 833 833 833 833 743 520 242 44 817 67 248
789 496 380 41 833 833 833 6 833 535 794 335 771 749 702
833 774 833 833 833 111 231 757 302 833 212 833 833 833 376
833 833 47 833 464 833 833 410 704 39 833 833 833 833 91 833 825 623 488 833
833 582 704 321 76 833 833 510 712 592 111 352 833 833 789 833 603 833 833 503
833 833 833 833 833 833 833 833 344 815 833
833 84 396 833 541 380 663 757 286 833
763 610 833 39 223 111 501 380 44 223 44 833 833 833
534 112 833 387 128 833 222 833 833 710 6 344 532
833 618 520 286 833 622 770 111 502 19 833 833 613 785 833 833 779 785 286 833
240 833 833 6 833 408 793 833 833 37 833
833 833 833 833 14 833 833 833 833 833 833 833 44 370 706 785 833
706 833 378 833 667 833 63 510 833 219 833 833 634 833 732
833 833 109 833 833 833 691 833 833 731 701 491 11
344 323 833 833 44 833 833 833 833 89 833
419 833 833 833 430 833 833 790 833 318 833 231 757 833 833 494
833 833 833 833 833 833 441 833 833 833 833
44 833 833 123 833 833 833 665 510 833 172 592 344 260 833 115 833 464
833 833 833 833 785 833 757 115 806 833 833 360 706 833 682 833 491 833
833 833 509 443 602 833 833 52 833 833 833 833 833 833 351 44 833 833 520 833 833 833 812
19 706 833 613 833 833 90 779 833 701 833
833 833 833 833 833 833 833 833 13 833 490 833 833 489 833 766 833 441 562
833 627 599 704 833 592 809 16 638 833 180 833 833 757
833 833 833 544 833 833 833 513 780 833 514 520
833 180 833 510 833 833 407 778 833 312 368
833 833 23 171 833 210 833 350 628 833 375 833 598 154 785 833 833 161
833 833 833 747 833 305 794 774 833 427 833 833 833 833
344 833 833 833 833 833 833 833 72 344 489 499
833 484 249 102 489 369 833 418
706 785 245 833 613 701 273 833
833 833 80 833 833 725 833 833 532 792 833 833 610 286 725 833 833 833 833 833
237 714 833 715 833 811 833 276 833 186 613 833 379 833 775 833 735 41 833 811
833 805 370 833 833 67 118 833 833 370 704 833 495 601
833 833 833 779 833 833 833 286 191 833 743 833 833
833 39 495 432 391 286 833
833 634 793 833 446 833 833 833 833 833 833 833
833 833 833 833 495 343 833 271 352 780 520 833 833 833
833 833 833 500 833 789 833 516 316 221 833 833
833 833 833 833 637 833 359 352 833 785 289 833 352 833 833
833 833 670 785 19 833 321
833 204 833 833 794 122 694 833 188 833 833 833 149
44 833 822 833 115 781 19 833 833 433 468 833 468 421 701 201
833 360 833 271 520 833 739 833 235 833 833 833
44 833 235 833 833 833 833 338 833 640 767 833 643 833 378 833 833 537
833 833 235 833 475 44 833 678 94 659
833 321 833 833 543 477 67 5 833 282 833 833 340
833 572 833 833 801 44 833 173 833 759
833 587 802 833 44 352 489 504
833 833 420 833 833 833 833 119 378 833 391 44 833 339 833 437 833
535 833 833 833 201 218 125 285 111 500 126 218 200 285
123 598 833 335 153 833 431 780 111 833 833 520 833 561 706 833 67 833
706 434 757 47 833 630 833 603 833 462 657
833 833 757 344 833 833 833 802 833 833 494
833 833 833 833 833 833 833 352 833 132 833
833 833 415 833 344 833 111 500 344 833
833 833 833 747 833 320 794 422 140 420 510 352 833 833 833 460 833 390
723 833 833 681 237 833 611 833 833
833 833 833 833 160 694 833 188 833 415 833 833
833 833 603 833 585 833 776 47 833 833 833 833 352 833
833 833 833 833 833 833 833 833 833 737 792 833 833 833 833 833 674
833 23 808 352 675 47 494
833 833 305 575 206 833 833 44 833 400 278 80 344
792 510 833 273 833 833 833 354 352 337 510 833 833
344 833 833 833 833 692
13 833 833 833 105 833 659 833 82 833 833
833 833 293 833 833 245 237 833 469 611 833
833 805 370 833 817 833 352 833 833
641 833 833 391 833 67 833 115 641 535
352 833 833 833 555 64 785 501 468 699 833 121 64
833 833 833 39 27 377 138 833 833 286 833 833
833 185 833 330 170 73 19 833 833 639 293 833 833 833
833 778 679 791 833 67 833 514 833 833 833 284 833 833 833 426 833
789 833 186 421 833 320 794 833 740 833 539 344 757 833 659 762 627 833
833 833 833 293 833 833 833 833 115 141 833
833 47 828 523 833 833 685 44 833 833 286 833 318 833 392 142 833 833
833 805 787 352 250 785 605 833 352 833 675
833 32 233 833 833 468 699 833 833
706 185 501 44 833 570 49 833 833 55 833 285
789 833 321 833 540 510 833 833 833 833 565 601 833 517 833 285
833 833 833 302 397 833 217 36 380 833 565 833 510 833
833 71 833 833 677 833 833 115 833 833 833
833 833 510 352 295 833 833 833 72 833 129 399
833 771 378 833 833 833 833 833 473 293 833 494 78 548 833 352 337
833 603 833 833 420 111 500 833 721
495 449 363 70 833 677 833 833 344 403 833 833 512 176 833
833 428 510 466 833 592 833 833 614 833 833 19 833 344 833
789 833 833 833 833 520 833 733 19 833 833 710 833 833 713 833 486 833 833 833
833 833 833 378 833 407 833 209 833 833 833 610 745
286 833 833 721 833 599 833 817 833 833 833 13 712 409 149
833 833 681 47 833 26 833 833 47 833 833
833 321 76 833 177 628 833 831 273 49
833 48 833 833 833 403 706 817 67 352 409 452
833 321 833 303 833 81 5 833 524 833
833 207 833 833 44 370 833 785 833 833
833 207 833 78 652 833 520
833 208 833 218 316 38 833 812
833 818 335 833 833 452 370 833 321 404 787 833 9 833
317 293 833 579 755
705 833 833 286 825 370 825 433 757
833 288 833 137 162 833 568 833
833 833 510 344 833 518 833 442 344 833 111 513 833 833 442 346 330
833 833 344 337 52 833 417 833 165 833 378 344 470 792 686 833 833
833 803 833 332 833 833 585 113
833 833 344 273 249 833 833 573 753
833 833 833 44 833 833 833 458 833
833 380 500 833 382 833 373 789 829 656 833 833
833 450 833 833 833 111 372 679 372 645 41 345
382 833 833 833 833 833 833
370 825 204 421 833 825 557 833 433 47 828 262
781 796 500 833 825 833 101 828 833 833 21
789 833 229 833 286 833 273 721 833 715 833 833 833
833 761 833 301 155 833 833 833 833 111 44 833 833 443 833 502 833 588
391 310 16 833 833 833 113
311 293 135 833 833 833 833 380 513 833 449 833 721
478 181 833 451 833 833 833 380 765 54 286 828 693
833 833 195 789 833 288 833 833 833 67 638 833 833 833 674 638 676
833 380 488 330 756 833 833 833 833 67 752 6 703 833 380 833
833 817 67 833 370 833 610 785 833 833 833 833
833 833 359 833 833 535 833 115 817 718 465 111 706 833 726 376 638 833 833 352 333 286 833 833
833 833 833 77 833 833 833
833 153 293 833 833 833 833 638 833 796 488 486 833 833
829 312 47 232 789 825 833 833 188 833 833 443 218 134 833 833 833 134
372 155 789 535 45 451 788 757 833 833 550 706 833
833 833 833 833 241 825 486 833 394 828 28 330
712 92 380 679 833 833 828 97
535 794 833 510 833 701 693 833 701 833 39 638 833
833 833 833 352 833 833 833 65
833 33 380 787 833 789 825 122 270 828 537
374 828 833 538 833 115 302 350 833 86
833 833 833 833 833
833 833 380 583 391 833 569 510 833
789 833 833 833 833 796 442 833 833 216
78 833 472 833 833 833 142 833 321 23 83 833 833 833 785 833
833 828 833 833 333 833 833 833 286 833 833 505
286 508 833 510 833 280 501 69 528 833 833 833 833 833
656 510 833 337 47 833 833 833 833 833 833
239 444 623 67 5 833 833 47 411 696 833 833 53
739 833 833 833 192 833 833 335 474 833 833
501 380 44 833 833 44 833 833 833
496 332 229 27 833 833 833 428 833 694 833 833
833 833 380 833 469 833 833 19 833
833 673 833 833 833 243 674 833 510 361 177
833 24 478 833 833 174
833 380 833 833 789 833 749 833 75 833 833 833 510 828 337
833 623 578 833 833 374 701 833 833
833 380 495 833 833 352 481 380 833 833
833 421 833 412 809 13 478 833 833
302 757 47 833 380 286 833 833
370 218 833 833 833 833 833 221 39 833 312 833
833 833 833 833 833 833 455
354 451 833 828 833 621
833 384 833 286 833 380 663 833
833 833 833 833 833 833 17 833 19 833 833 833 833 745
833 833 833 39 833 833 660 833 25 833 833
833 833 184
169 729 833 833 833 206 833 569 356
833 833 167 833 489 755
833 205 631 510 833 833
218 221 510 833 286 833 556 833 833
833 833 833 8 833 610
283 274 265 115 833 649 833
833 833 833 649 833 640 833
169 48 833 147 421 159 121
833 288 833 833 833 352 833 833
833 575 293 833 304 731 833 833
833 186 442 616 833 825 321 833 555 833 217 152
533 439 833 647 833 480 833 833 14 833 130
833 186 750 795 833 87 774 833 833 833 86
298 366 833 344 259
833 833 68 833 659 833 833
833 516 833 833 833 541
825 335 239 590 833 67 29 111 833 199 306 825 833 590 833 67 453
833 438 833 632 510 833 75 833 480
344 833 833 833 833 374 510 823
833 321 833 833 833 686 833 833 415
833 224 186 773 833 687 6 833 833 833 833 596
833 833 321 833 833 352 523 833 833 146
237 833 833 637 254 521 833 263 833 833 833 782 344 833
833 833 679 833 833 167 585 833 833
833 808 833 833 448 833 562 500 833 394 293 833 833 766 111 833 394 535 50 293 350
833 233 833 344 480 510 833 683 833 833 240
496 833 794 833 833 833 833 833
833 267 833 265 662 833 833 785 216 699 833 275 833 833 833 274
789 465 833 720 341 301 352 833 465 293 833 430 833 783
833 258 833 213 833
833 286 712 833 833 833 802 378 779
833 785 254 520 833 833 833
833 162 478 291 833 51 508
43 199 335 833 67 833
502 833 486 833 833 478 833 833 45 479 370 372 738 579
781 623 547 833 833 47 833
372 833 429 296
549 694 451 825 204 809 833 833 833
781 335 827 397 794 507 770 378 519 596 47 494 286 763 833 833 833 833 833 146
3 833 2 380 833 600 44 2 833 3 833 512 833 702 380 474 216 833 198 833 828 337
825 833 757 73 833 828 833 833
469 621 833 833 6 833 262 293 833 833 628 700 790 833 535 39
372 833 510 833 833 554 256
175 833 833 833 669 828 833 378 833 55 833 522 492 833 833
833 833 641 833 833 833 833 833 833
372 833 314 833 583 312 833 833 833 833 833 19 833 111 833 833 535
833 833 47 833 535 492
789 833 158 650 833 421 833 833 833 833 265 833 532 833 833 638 833 497 39 678 633
833 233 218 833 833 833
833 833 833 833 338 833 833 39 251 833 833 833 833 418 833 833 833 833
833 180 833 833 721 321 153 833 67 833 699 34 833 833 833 341 761 756 703
833 205 833 833 833 833 833 833 833 585 833
833 736 73 833 833 833 600 44 833 833 833 833 436 468 833
833 833 833 29 47 833 151 833 833 833 833 760
833 833 180 833 335 833 833 14 701 833
352 833 833 833 157 833 81 833 833 833 833 362 833 833 833
833 434 378 833 833 833 603 31 833
704 40 234 833 833 833 811 833 665 833 833 281 293 352 470
833 321 833 833 616 833 833 300 88 833 192
833 203 833 41 833 833 833 360 833 833 18
833 387 833 833 520 833 356 833 833 595
137 162 833 785 352 259 833
833 833 833 706 167 441 495 616 237 833 702
716 822 833 833 833 833 663 833 833 386
352 463 833 833 833 704 833 501 833 649 244 649 833
707 548 833 833 792 283 833 833 546
833 325 833 833 9 145 833
833 833 833 833 646 648 421 833 510 833 130
833 729 350 833 833 833 833 833 452
833 671 111 23 67 833 286 576 126
336 495 323 441 350 433 237 833
833 833 594 833 833 833 833 352 463
833 90 833 833 115 833 833 833
833 120 67 288 833 833 182 833 137 563
704 39 495 833 833 833 833 593 62
833 833 833 833 833 561 833 550
833 204 319 510 833 111 833 198
382 190 833 750 833 833 341 310 833 833 622
833 167 833 542 833 520 833 833
352 715 833 833 510 638 445 833 833 833 300 351 833 833 833 833
833 422 833 547 833 807 833 833 66
704 785 716 833 594 833 833 833 833 596
704 833 495 695 787 833 817 153 293 833 440
833 565 833 510 833 833 833 613 787 817 319
833 761 344 523 323 833 833 833 833 306 833 468 277
644 825 335 833 391 306 757 833 798 115 833
833 833 102 52 833 456 833 81 435 833 833 572 287
833 160 179 833 833 308 833 324 833 514 324 833 638 833 207 833
833 778 833 833 833 321 472 510 111 293 833 833
833 321 180 833 7 352 257 833 833 352 257
833 147 833 70 833 833 833 630 833 833 167 833 833 833 833 833
833 833 833 321 833 833 833 833 593 121
833 833 757 734 833 352 833 721 833 833 833 352 487 833
833 274 208 833 833 833 833 833 378 833 724 790 833 603 352 291 310
833 833 833 583 312 833 286 81 833 833
317 293 833 833 833 514 787 781 117 357
833 833 681 833 352 833 833 833 833 833 518
833 321 833 685 757 833 44 833 833 355
833 833 352 323 316 833 833 352 833
833 266 833 833 833 833 833 551 833 833 833 702 520
833 833 778 833 833 833 833 483 833 663 833 47 787 833 288 47 833 230 833 833 573
13 833 506 833 833 833 663 321 833 833 833 28
833 186 684 431 286 299 833 833 833 833 785 833
833 227 352 489 833 44 27 833
393 582 833 513 780 833 833 302 378 340 833 833 133
833 438 218 352 61 833 361 200 106
833 822 833 833 663 715 833 833 833 833 565 833 724 525 833 749 577 699 522
251 352 315 260 833 48 352 273 833
833 288 352 43 488 833 789 833 833 761 352 833 833 690
483 833 560 833 833 575 833 720 833
833 729 350 833 792 833 581 833 241 833 180 500 833 131 833 833 9 139
833 833 190 286 447 833 833 833 469 833 344 833 157 833 833 833 833
385 428 352 833 115 833 833 36 816 202 380 816 202 833
175 833 833 293 348 609 730 833 352 143 47 15 833
833 833 833 833 195 115 833 833 369 535 321 833 350
833 746 771 206 833 833 833 833 833 833 647 833 719 833 833 197
833 833 833 115 833 408 833 833 365 777 757 510 833 833
299 186 750 795 833 784 833 833 301 512 833 833 789 833 833 350 833 310 833 833
833 833 833 833 833 637 833
44 833 833 833 731 833 833 833 758 344 181 833 321 76 833
833 434 47 833 833 833 833 833 475 111 19 833 833 710 380 833 344 833 833 198 85
833 793 779 833 833 833 833 833 115 833 833 99 772
833 23 321 27 377 833 510 795 833 811 477 67 276
833 833 833 833 833 378 833 833
833 263 833 833 496 817 238 833 352 833 833
833 402 833 833 311 833 67 833 54 176 789 833 603 833 833 833 833 833
833 180 833 833 352 194 833 833 833
833 231 757 107 352 833 833 643 833 272
833 321 833 190 721 833 757 833 344 523 164 833
833 833 728 110 23 833 6 787 833 774 833 198 833 9 198 34 833 833
833 321 833 833 833 833 833 344 833 833 441 344 82 833 833 9 442 833 188
833 395 695 351 833 512 176 833 817 19 642 442 616
833 472 833 513 73 833 833 833 833 833 833 502 833 311 833 477 67 833 115 833 489 79
792 19 344 292 785 833 833 447 321 833 833 616 833 402 833 9 321 833 833 616
833 321 833 772 833 833 833 638 833 833 782 833 189 833 239 176
833 318 567 751 833 833 833 833 833 469 833 833 833 760 14 833 831
704 335 76 177 789 833 803 833 67 833 293 478 91 111 722 778 512 833 713 177
833 833 680 833 240 833 833 329 823 111 833 186 568 310 44 248
833 833 833 833 799 833 833 78 833 833 337 115 833 833
833 833 609 833 414 833 527 740 833 343 701 397 568 155
728 445 833 335 74 215 833
833 833 608 694 513 529 833 833 666
246 587 260 756 833 833 464
833 833 809 309 833 833 833 445 362 833 331 833 833 833 717 352 833
833 833 833 833 792 833 833 833 833 672 779 293 833 833
833 833 833 833 833 264 706 599 833 833
833 833 833 833 833 689 102 52 456 833 833 833 833 548 833
833 833 805 787 833 395 833 833 585 833 510 833 255 219 833 833 609 833
833 833 833 394 833 84 833 833 833 833
833 833 833 833 833 833 144 448 833 833 833 52
833 151 833 500 833 833 833 321 238 833 6
833 833 833 326 833 833 305 78 556 111 833 833 833 833 833 833 185 500 833 833
833 766 321 833 833 833 759 402 833
833 833 833 380 833 756 825 39 516 833 661 833 833 286 467
44 721 808 510 833 200 833 743 378 833 833 833 795 833 200 160 198 833
833 651 467 833 701 833 769 510 701 136
833 689 833 785 331 833 694 833 628 706 19 808 701 323 833 833 833
833 410 833 779 833 39 495 432 391 833 833 833 111 707 22 660 833
701 833 833 67 339 8 833 528 436
307 193 833 833 833 39 833 833 833 513 810 789 825 120 613 702
833 72 833 833 213 833 833
833 833 833 833 833 361 833 833 833
833 314 833 434 468 421 833 833 699 833 200
833 833 833 833 44 370 352 833 833 510 833 833 833 739 833 833 833 185
382 500 553 833 833 833 466 833 306 825 833 60 115 833 833 833 61 789 706 187
833 784 510 833 833 833 833 833 435 716 177
833 833 833 833 833 833 833 68 833 833 833 833 551
833 119 833 833 833 833 619 833 39 833 314 303 286 34 505
833 321 833 344 397 833 34 833 288 510 833 833 817 398 702 370 706 833 833
44 833 771 21 833 668 833 434 833 833 833 833 582 833 321 74 833 489 141 833
447 582 370 344 116 321 833 353 833 817 67 468 226 699 344 833 103 353
833 737 833 833 622
727 796 101 833 489 638 412 722 44 833 457
722 833 833 478 753 833 833 286 833 571
722 380 833 176 371 269 833 787 99 833 421
722 781 833 833 286 478 748 833
722 833 339 833 489 833 833
722 42 833 833 833 833 478 123 833 833 297 205
833 288 572 833 824 833
833 37 833 67 833 536
833 715 833 67 833 721 370 833 833 344 833
826 613 833 573 100 13 833 833 126 833 201
833 178 212 199 282 53
833 715 585 817 335 263 833 833 833 111 833 186 710 6 833 833
316 623 335 635 468 833 111 642 833 391 833 833
90 648 728 150 47 833 721 833 824 833 614 833 809 286 833
833 77 510 833 150 176 381 478 368 833 833
358 833 186 833 474 286 833 273 833 638 833 186 833 833 833 833
833 418 833 108 833 44 833 108 324 44 431
833 422 701 273 746 833 111 132 478 463 13 833 833 833
706 833 833 511 833 833 833 414
706 833 833 31 833 628 833 833 512 513 402 363 833 547 833
535 394 695 451 515 111 833 663 833 833
833 510 478 401 39 833 47 833 66 833 833 758 115 833 406 833 833
833 690 833 833 148 442 478 424 597 111 478 624 833 380 663 833
833 309 833 478 262 293 833 809
833 833 833 638 833 237 833 833 180 833 778 816 833 833
833 833 27 833 833 833 614 833 833
833 833 833 438 833 833 214 833 833 390
833 773 833 304 111 372 833 745 218 833
833 160 179 370 833 833 27 833 455 514 833 833
1 822 509 380 833 833 827 15 370 825 328 833 67 833 833 544
789 833 833 344 259 503 833 833 804 833 833 833 833 184
478 833 389 380 833 833 792 654 833
833 833 179 370 833 623 524 344 693 514 833 344 480
833 833 833 273 721 833 321 238 615 643 158 191 510 27 224
564 380 833 84 142 833 833 287
704 380 495 85 833 699 833 47 833 772 833 833 250
833 160 750 795 496 225 833 613 833 833 630 380 833 833 159 121
833 180 833 833 19 833 601 510 833 833 44 833 355
478 748 259 833 833 105 833 520 833 497
833 84 529 833 833 380 30 163 833 534 112
704 39 522 833 833 833 833 65 833
833 375 833 144 520 828 146 833 833 396 833 312 211
51 833 39 441 833 137 833
84 292 39 421 509 726 833 833
833 39 833 833 780 833 230 828 176
833 819 380 833 84 780 833 104 833 571 833
833 39 23 85 804 272 32 833 833
833 87 321 833 833 833 833 833 583 833 833
833 441 833 833 833 344 51 833 27 833
833 263 833 833 510 833 100 102 833 833 352 833 833 352 125
833 774 833 67 833 111 513 370 833 833 833 833 574
833 833 833 747 833 305 833 23 833 672 833 833 833 833
833 833 833 115 833 833 833 478 51 833 833 833 833 833
391 73 833 779 380 585 199 453 825 122 833 833
722 833 93 833 833 833 808 833 510 833 676 176
240 833 833 421 833 756 825 833 833
549 565 510 833 833 73 833 122 825 338
833 380 27 833 833 833 833 833 122 578
833 422 833 433 47 833 792 218 298 365 165
383 23 774 833 310 833 833 111 478 125 817 833 451
370 825 833 41 716 833 826 658 833 261 833
833 761 833 427 833 478 487 833 111 833 833 778 833 478 688
833 352 680 789 833 196 833 833 833 833 833 833 563
833 513 833 799 833 789 833 800 39 833
833 833 833 513 833 833 833 833 794 186 421 833 563
825 623 488 684 833 293 643 794 833 585 524 833 833 699 90 524
833 833 275 286 833 833 833 127 833 833
833 381 833 833 478 833 380 441 833 159 121
833 833 833 833 833 111 833 252 833 833 478 833
833 833 405 833 780 833 833 833 237 714 347 488 76 704
833 488 402 787 833 434 421 756 833 659 574 95 59
833 381 190 833 198 833 833 370 825 391 655 510 828 327
833 477 67 833 512 285 833 199 310 783 833 712 833 833 524
367 23 715 419 833 833 513 833 833 613
785 124 6 515 833 833 59 73 535 833 710 707 295
833 815 708 6 81 47 833 730 833 833 833 833 380 833 705 833 431 780 833 833
23 101 833 106 510 833 833 833 833
705 495 584 833 833 833 122 22 67 833 833 833
833 729 451 728 431 833 581 833 833 833 322 76 833 833 433 421 833 630
833 575 293 833 833 399 833 833 833 833 461
833 321 344 84 632 238 510 344 489 75 833 480
833 488 751 795 787 789 833 790 414 520 794
833 267 833 84 780 833 833 833 833 198 833 833 833 787 341 76 202 19 352 833
533 288 833 833 833 833 833 833 94 833 833
371 335 825 833 383 820 522 266 833
833 477 67 833 833 721 383 76 833 286 833 833 833
81 833 833 833 833 570 833 833 352 833 286 559
833 626 833 352 833 441 451 773 833 597 833 833 749 478 833 75
833 469 247 833 464 383 321 833 789 833 582 833 833 833 510 285 833 785 391 833
833 477 67 833 833 833 833 44 833 636 73 825 204 335 833 813 6 413 833
383 736 19 41 12 833 663 833 288 833 833 794 664 478 607
47 833 464 833 833 833 469 833 833 833 833 236 833
833 833 833 422 833 658 833 176 833 833 833 607
833 833 513 441 833 833 833 73 833 120 833 833 344 833
47 409
833 833 833 206 833 833 159 833 23 454 833 653 321 589
820 833 833 833 833 39 833 628 833 122 578
833 201 833 833 723 335 833 754 4 833 742 833 487 378 833 833
833 296 833 833 833 833 833 833 833 44 27 17 833
833 779 281 206 833 591 186 433 833 833 293 833 123
833 98 833 833 344 833 833 833 833
426 585 833 833 180 833 782 515 722
833 833 293 833 833 833 833 123 183 336 833 17 833 510 833 17
388 196 833 733 154 442 243 833
483 180 833 442 833 833 344 357
833 833 833 833 423 833 833 349 833 833 833 164 211 833
706 180 833 833 27 833 833 159 121
726 442 314 833 789 779 58 40 833
833 833 833 833 833 111 833 468 699 797 833 833
483 715 833 84 780 833 166 833 833 357 833 833 833 833 833 833 833
833 833 833 833 268 833 833 833 121
833 178 833 768 833 67 833 115 833 833 833 833 833 701 833
833 833 784 749 833 349 833 378 833 833 811
352 301 833 566 833 833 833 319 833 833 256
833 72 155 789 781 833 833 833 344 193
833 833 348 833 776
833 288 833 667 833 535 760 701 833 833 9 687 833 512 31
833 833 779 833 833 833 833 792 781 233 519 431 624
833 288 592 398 27 243 780 833 833 465 510 191
734 162 833 833 421 833 198 833 833 833
833 366 833 101 52 54 456 286 19 833 759
393 83 19 733 833 623 67 833 115 19 244 346
706 833 105 833 592 706 402 495 512 817 238 760
789 833 833 833 833 833 537 833 833 833 536
833 833 119 18 44 833 833 833 833
499 833 729 833 833 833 833 47 833 348 833
833 833
833 423 833 625 833 833 592 833 787 833 153 491
833 264 833 155 6 791 833 833 833 833 394 709 833 514 394 709 520
833 72 833 833 833 827 833 833
833 723 833 833 128 833 236 546 33
833 444 833 833 295 655 23 602 833 513 833 833
833 833 186 750 795 833 833 653 186 773 833 67 352 291
833 422 211 41 732 833 352 833 420 510
833 186 750 795 495 512 225 774 833 361 833 833 833 386
376 833 833 833 530
833 833 246 522 311 833 833 833 833 699 833 833
833 509 833 256 833 833 833 833 833 382 833
344 833 833 138 833 289 298
385 186 750 795 352 527 818 417 350 833 352 426 833 47 833 297 833
833 258 326 214 135 833 833 47 833 79 833 833 833 592 833 833 833 833 833 638 706 833 270 701 780 357
468 833 785 615 833 833 833 436 699 47 833 833
44 833 833 293 833 833 833 833 833 833
510 214 833 833
833 222 833 72 833 522 833 833 794 321 76 833 286 833 833 194
833 806 833 160 833 111 414 228 608
833 227 352 4 833 67 47 833 821 545 47 833 821 721
833 196 833 833 380 190 833 833 126 833 833 200
833 208 833 413 352 833 833 833 833 833 833 200 833
183 833 833 833 344 484 249
833 691 96 833 833 833 833 352 833 833 833 301 520 833 833 698
833 833 833 336 27 243 176 756 833 354 833 801
833 833 19 833 789 833 808 352 148 673
833 833 833 224 72 833 833 833 833 833
833 833 259 140 303 833 833 408 833 344 833 833 119 833
833 833 380 84 761 833 833 833
833 833 160 833 740 833 415
833 761 833 556 833 833 650 716 362 833 176 111 833 73 833 186 773 833 187 20
833 833 792 548 833 833 833 115 762 833 833
833 321 833 291 833 348 609 482 833 833 111 833 833 253 833 44 833 833 833 833
833 58 833 50 21 833 19 478 360 833 209
704 785 833 436 833 833 833 833 833 833 662 833 833 833
833 28 833 833 315 833 833 833 712 529 833 833 833
706 604 535 586 373 833 833 701 833 783 824 495 512 237 833 701 523 88
833 833 833 833 813 833 478 833 745 833 694 787 833 833 711
833 23 208 6 81 833 510 833 833 833 756 833 9 329
382 373 833 586 833 67 833 833 833 833 833
833 833 833 567 446 520 352 833 510 833 170 280
370 825 583 833 828 833 825 120 391 6 338 833 647 833 495 512 307 833 833
833 358 270 344 6 44 833 44 833 833 833 401
382 488 833 833 833 833 828 257 833 510 833 44 833 44 833 833 833 833
183 787 828 833 450 335 725 825 704 380 833 821 780 833 833 833 833
833 441 479 833 534 112 833 44 833 186 773 833 833 510 833 163
833 312 833 833 833 833 764 380 833 833
833 72 526 833 833 609 833 833 833 833 510 451
382 23 833 312 368 833 833 833 293 833 833 833 833 833 674
833 833 445 136 45 286 833 833 111 833 774 833 86 833 833 833 833 833
286 641 833 584 833 833 689 186 156 833 406 833 461 286 478 129 44 833 833 833
13 833 479 833 764 508 833 288 478 671 833 833
833 220 833 833 833 833 833 639 833 833 833 833 568 10
833 833 241 700 820 833 564 833
372 500 833 530 30 111 833 198 421 30 833
383 488 615 833 468 70 833 308 268 833 802
241 833 311 638 783 756 833 833 833 115 833 564 304
705 833 833 833 25 692 833 762 833 44 833 833
825 335 495 590 833 117 830 833 756 825 433 47 833 833 833 710 833 833 817 442 833 314 833
833 122 82 712 380 833 833 721 372 833 833 478 833 833 510 833 600 176
705 557 234 308 833 478 833 833 104 27 833 833
372 833 115 833 833 833 478 174 833 833 833 430 833 833 44 833 833 833
478 833 380 833 513 833 794 738 833 478 833 504
382 488 76 478 588 833 833 833 833
