[832, 0, 832, 832, 832, 1, 832, 832, 2]
[3, 832, 832, 832, 4, 832, 5, 6, 832, 832, 832, 7, 832, 8, 9, 832, 832, 10]
[832, 11, 12, 832, 832, 13, 832, 14, 832, 15, 832, 832, 16, 832, 832, 17, 832, 18, 19, 832]
[20, 21, 832, 22, 832, 832, 832, 23, 832, 24, 25, 832, 832, 832, 832]
[832, 26, 27, 28, 29, 832, 832, 832, 30, 31, 32, 33, 832, 34, 832, 35]
[36, 832, 37, 38, 832, 39, 40, 41, 42, 9, 832, 43, 44, 832, 35, 832, 45, 46, 832, 832, 38, 832, 832, 47]
[48, 832, 49, 832, 50, 832, 37, 832, 51, 832, 832, 52, 832, 53, 4]
[832, 7, 4, 54, 832, 55, 56, 57, 56, 58, 7, 832, 8]
[31, 832, 59, 60, 832, 61, 62, 41, 42, 832]
[832, 832, 63, 832, 832, 832, 64, 832]
[31, 65, 60, 64, 832, 832, 832, 832, 832, 832, 66, 67, 68, 69, 70, 71, 70, 832, 832]
[72, 832, 832, 832, 832, 832, 832, 832, 73, 74, 832, 53, 75, 60, 832, 73, 832, 76, 832, 32, 59, 832, 77, 78, 10, 832, 832]
[36, 7, 65, 79, 832, 10, 37, 832, 28, 80, 832, 832, 81, 832, 832, 832, 82, 832, 57, 832, 832, 83, 84, 71, 85, 7]
[45, 832, 832, 86, 832, 87, 832, 88, 89, 90, 832, 91, 3, 92, 832, 832, 93, 94, 832, 95, 832]
[832, 832, 832, 96, 832, 832, 832, 832, 91, 3, 832, 58, 97, 832, 98, 42, 99, 100]
[832, 101, 832, 102, 832, 832, 103, 832, 832, 832, 104, 105]
[832, 832, 106, 107, 832, 3, 108, 109, 110, 111, 103, 112, 832, 113, 4, 114, 98, 832, 115, 3, 108, 832]
[832, 832, 116, 832, 117, 832, 19, 832, 832, 59, 832, 118]
[832, 119, 120, 832, 121, 832, 29, 832, 91, 832]
[96, 37, 832, 20, 50, 122, 832, 123, 4, 48, 832, 832, 124, 125, 832, 126, 832]
[56, 79, 832, 832, 832, 127, 128, 129, 130]
[832, 832, 131, 67, 832, 132, 832, 128, 832, 133]
[832, 134, 37, 832, 135, 136, 42, 137]
[96, 37, 832, 138, 139]
[832, 140, 832, 141, 37, 106, 832]
[832, 832, 142, 143, 832, 120, 1, 832, 144]
[832, 145, 146, 832, 106, 147, 148, 149]
[832, 150, 832, 832, 151, 832, 832, 152, 153]
[832, 101, 154, 832, 832]
[832, 832, 832, 28, 155, 832, 832, 832, 93, 156]
[157, 158, 4, 832, 159, 51, 832, 160]
[161, 832, 832, 832]
[832, 162, 163, 164, 832, 165, 151]
[832, 832, 832, 166, 42, 151, 167, 168, 832, 832, 832, 169, 170, 832]
[832, 832, 151, 832, 135, 832, 103, 832, 76, 171, 832]
[172, 832, 173, 832, 832, 832]
[66, 174, 175, 832]
[832, 176, 832, 177, 832, 832, 178]
[832, 179, 163, 832, 832]
[56, 116, 832, 180, 832, 181, 832, 832]
[832, 124, 182, 183, 184, 91, 832]
[59, 832, 91, 832, 832, 185]
[832, 832, 151, 832, 186, 44, 183, 187]
[33, 105, 165, 65, 832, 188, 189]
[832, 166, 37, 832, 190, 832, 832, 191]
[832, 832, 832, 832, 832, 153]
[832, 832, 832, 832, 192]
[832, 832, 193, 832, 832, 194, 832]
[832, 832, 832, 37, 69, 195]
[832, 196, 56, 197, 832, 198, 37, 199, 200, 832]
[832, 201, 832, 832, 832, 67, 832]
[202, 203, 832, 183, 110, 832]
[832, 832, 204, 128, 205]
[832, 37, 119, 206, 207, 832, 65]
[832, 208, 209, 832, 832]
[210, 211, 832, 212, 832, 832, 832, 35]
[832, 213, 37, 214, 832, 215, 58, 832]
[832, 832, 175, 832, 91, 832, 832, 832, 832, 832, 832, 216]
[217, 175, 218, 219, 832, 832, 832, 220, 832, 832, 832, 175, 832]
[832, 44, 221, 832, 123, 120, 31, 832, 166, 222, 223]
[832, 224, 832, 832, 69, 217, 225, 226, 167, 227, 22, 151, 217]
[832, 124, 228, 832, 229, 188, 832, 114, 230, 123, 4, 832, 832]
[832, 231, 832, 832, 832, 232, 832, 832, 69, 60, 832]
[832, 233, 66, 832, 832, 28, 832, 832, 183, 234, 832, 832, 163, 235, 128, 69, 236, 121, 832, 832, 146]
[832, 58, 237, 832, 832, 832, 832, 27, 238, 239, 832, 79, 240, 206, 241]
[832, 37, 3, 242, 832, 832, 832, 832, 832, 832, 243, 66, 832, 217, 244, 832]
[832, 245, 832, 832, 832, 246, 91, 21, 832, 832, 53, 116, 69, 247, 832, 248]
[832, 162, 69, 249, 91, 832, 250, 128, 832, 832, 69, 832, 251, 252, 832, 10]
[832, 131, 832, 123, 102, 832, 253, 88, 29, 832, 123, 832, 832, 23, 206]
[832, 68, 101, 832, 43, 832, 254, 103, 832, 124, 142, 832, 832, 255]
[832, 124, 832, 3, 832, 169, 832, 68, 101, 832]
[832, 256, 219, 832, 257, 84, 832, 87, 832, 126, 258, 832]
[32, 176, 217, 259, 832, 32, 176, 68, 132, 174]
[217, 832, 199, 260, 261, 832, 832, 832, 262, 162, 32, 116, 257, 832, 43, 832, 832, 832]
[263, 832, 264, 84, 832, 265, 832, 832, 266, 267]
[832, 53, 116, 832, 832, 268, 103, 3, 832, 269, 132, 195]
[832, 832, 270, 271, 832, 56, 272, 217, 169]
[273, 58, 132, 832, 128, 32, 58, 832, 832, 58, 69, 832]
[56, 116, 182, 274, 832, 832, 262, 116, 56, 832, 275]
[832, 76, 101, 832, 43, 832, 832, 276, 169, 832, 265, 832]
[36, 832, 832, 183, 832, 89, 29, 832, 277, 832, 832, 832, 115, 37, 96, 832, 118, 124, 832, 156, 832, 115, 37, 96, 7, 278]
[7, 65, 79, 832, 10, 37, 279, 19, 832, 832, 832, 832]
[87, 832, 280, 115, 832, 125, 832, 281, 832, 53, 116, 182, 832, 282, 832, 283]
[832, 284, 87, 163, 285, 832, 832, 832, 832, 211, 9, 7, 832, 286]
[7, 832, 287, 832, 832, 832, 103, 832, 87, 199, 288, 289, 290, 832, 53, 832, 832]
[832, 291, 4, 832, 832, 292]
[832, 265, 44, 832, 832, 832, 832, 120, 115, 87, 274, 832, 832, 832, 832, 183, 115, 832, 22]
[293, 832, 294, 832, 832, 832, 832, 231, 832, 295]
[832, 832, 289, 832, 296, 832, 297, 97, 298]
[832, 832, 140, 151, 832, 832, 283, 832, 832, 832, 299, 832, 300, 301, 832, 85, 832, 832, 832, 302]
[70, 832, 303, 219, 832, 294, 832, 22, 832, 304, 40, 5]
[217, 305, 116, 274, 832, 121, 832, 832, 306, 103, 96, 269, 832]
[832, 832, 832, 164, 832, 832, 87, 307, 308]
[309, 80, 310, 832, 270, 188, 136, 832, 311, 832, 832, 312, 832, 191, 83, 832]
[32, 313, 832, 314, 58, 832, 164, 315, 103, 96, 316, 832, 832, 219, 832, 832, 832, 832]
[832, 317, 832, 318, 163, 832, 832, 832]
[59, 319, 320, 321, 91, 832, 314, 832]
[832, 27, 322, 163, 832, 226, 832, 832, 70, 135, 70, 832, 832, 832, 115, 832, 116, 832, 313]
[217, 58, 323, 9, 38, 832, 832, 51, 832, 832, 832, 178]
[69, 7, 227, 324, 832, 58, 325]
[832, 832, 175, 219, 832, 832, 832, 832, 832]
[832, 326, 832, 832, 832, 832, 832, 832, 91, 832, 44, 832, 188, 327, 45, 832, 328, 282, 832, 127]
[59, 832, 832, 3, 832, 832, 329, 105, 46, 330, 832, 165, 3, 832, 331]
[832, 332, 832, 333, 832, 832, 334, 832, 832, 335, 183, 115, 832, 332, 217]
[66, 154, 336, 832, 7, 194, 337, 53, 4, 832]
[832, 37, 69, 60, 832]
[309, 832, 235, 832, 832, 116, 832]
[832, 303, 293, 832, 89, 832, 76, 60, 115, 832, 22]
[832, 832, 832, 832, 338, 832, 128, 832, 339, 832, 103, 45, 832, 340, 332, 832, 217, 832, 72, 832, 217]
[832, 832, 832, 183, 194, 832, 103, 32, 39, 832, 44, 832, 832]
[832, 87, 832, 832, 832, 832, 832, 832, 832, 832, 44, 127, 832, 832, 832]
[341, 318, 832, 12, 832, 342]
[32, 343, 219, 163, 344, 121, 832, 832, 103, 175, 345, 832, 346, 103, 832]
[832, 87, 832, 832, 282, 194, 832, 832]
[65, 347, 832, 348, 832, 832, 103, 115, 278, 349, 832, 832]
[832, 350, 351, 60, 832, 123, 307, 4, 91, 3, 352, 49]
[832, 832, 832, 39, 22, 194, 832, 353]
[832, 87, 832, 832, 354, 355, 832, 832, 356, 278, 357, 356]
[832, 358, 87, 359, 832, 84, 87, 194, 360]
[832, 361, 832, 362, 363, 832, 832, 364, 183, 832, 832, 91, 832, 832, 30, 37, 832, 71, 288]
[4, 365, 832, 832, 321, 832]
[832, 76, 832, 832, 366, 832, 832, 87, 245, 219, 832, 367]
[832, 832, 832, 368, 832, 832, 832, 832, 369, 832, 832, 7, 832, 136, 832, 832, 832, 370]
[832, 53, 231, 371, 31, 832, 372, 832, 373, 125, 832, 832, 832, 140, 374, 832, 832, 375]
[194, 832, 53, 116, 832, 376, 31, 832, 269, 128, 194, 377]
[832, 33, 832, 832, 378, 19, 282, 832, 379, 832, 163, 380, 832, 360]
[194, 832, 832, 231, 87, 381, 832]
[217, 832, 832, 832, 194, 832, 832, 832, 832, 832]
[832, 832, 832, 832, 832, 832, 183, 832, 832, 832, 39, 382, 128, 832, 832, 832, 832, 186, 383]
[84, 135, 832, 832, 128, 832, 160]
[832, 50, 122, 832, 832, 832, 50, 122, 278, 832, 50, 122]
[832, 193, 832, 222, 832, 384, 832, 140, 832, 832, 832, 188, 832]
[832, 385, 219, 65, 59, 79, 7, 832, 386, 65, 387, 65, 162]
[832, 388, 832, 832, 832, 269, 325, 91, 77, 832, 832, 127]
[832, 389, 37, 832, 65, 832, 128, 188, 832, 832, 390]
[832, 339, 832, 194, 832, 832, 391, 832, 373, 392, 7, 393, 151]
[394, 832, 832, 381, 832, 832, 832, 395]
[346, 396, 219, 832, 306, 397, 832, 398, 399, 832, 832, 400]
[832, 401, 832, 322, 194, 832, 5, 832, 832, 402, 832]
[832, 832, 832, 832, 194, 832, 832, 832, 832]
[832, 832, 832, 832, 832, 403, 27, 832, 110, 404, 248]
[832, 832, 832, 309, 832, 832, 832, 405, 832, 832, 406, 832, 407, 832, 832, 367]
[832, 345, 80, 408, 409, 410, 832, 26, 91, 832, 832, 832, 41]
[183, 832, 411, 832, 269, 832, 832, 203, 832, 832, 412, 80, 395]
[96, 211, 151, 413, 60, 80, 832, 832, 378, 832]
[832, 832, 333, 832, 414, 832, 832, 120, 351, 832, 140, 415]
[832, 160, 832, 832, 832, 115, 832, 832, 87, 832, 313]
[832, 832, 832, 832, 832, 416, 417, 832, 832, 832, 91, 832, 100, 418]
[832, 361, 832, 832, 363, 832, 194, 832, 832, 87, 832, 419, 832, 420, 832, 421, 832, 422, 832]
[183, 832, 411, 832, 414, 832, 87, 832, 832, 423]
[832, 424, 118, 183, 832, 832, 832, 201, 195, 832, 43, 832, 832, 103, 69, 201, 195, 832, 102, 832]
[832, 22, 199, 388, 204, 105, 832, 425, 103, 426, 105, 832, 427, 163, 128, 324, 832, 37]
[832, 832, 832, 832, 832, 832, 282, 832, 832, 832, 832, 428]
[217, 27, 182, 4, 142, 167, 832, 91, 80, 260, 261, 832]
[832, 832, 832, 832, 832, 429, 832, 235, 96, 832, 832, 832, 832]
[832, 39, 287, 832, 329, 65, 832, 832, 120, 832, 832, 65, 116, 128, 188, 430, 5, 832, 136, 65, 431, 183, 163]
[263, 193, 32, 832, 832, 55, 32, 432, 289, 433, 832, 27, 4]
[832, 832, 369, 832, 238, 832, 370, 832, 832, 428, 434, 832, 832, 832, 4, 832, 163]
[832, 435, 13, 342, 60, 832, 832, 832]
[182, 832, 832, 832, 832, 832, 832, 832, 436, 65, 240, 832, 437]
[832, 340, 429, 832, 832, 832, 163, 832, 832, 199, 306, 128, 832, 832, 43]
[99, 832, 324, 438, 65, 222, 832, 98, 832, 832, 324, 65, 58]
[832, 439, 832, 832, 832, 440, 832, 832, 832, 832, 832]
[32, 256, 393, 832, 832, 832, 238, 832, 32, 87, 441, 44, 832, 121]
[442, 168, 832, 832, 93, 832, 832, 832, 411]
[832, 832, 832, 239, 443]
[832, 444, 832, 832, 445, 115, 832, 444, 278, 832]
[50, 415, 832, 190, 832, 100, 50, 415, 446, 832, 50, 122]
[832, 447, 832, 76, 43, 448, 70, 832, 449]
[832, 450, 175, 832, 832, 32, 175, 451, 832]
[832, 452, 151, 82, 832, 832, 453, 454, 832, 832, 832]
[70, 832, 455, 128, 832, 283, 832, 832, 832, 832, 832, 832, 832, 140, 456, 425, 832]
[832, 457, 206, 431, 183, 115, 832, 240, 832, 191, 832, 832, 832, 407, 219, 832, 217]
[832, 332, 194, 832, 832, 408]
[832, 458, 56, 116, 183, 832, 403, 222, 211, 832, 403, 154, 832]
[832, 832, 832, 832, 832, 247, 459, 151, 70, 832, 832, 832, 460, 832, 832, 832, 29, 832, 285]
[206, 177, 832, 53, 425, 163, 832, 103, 461, 832, 53, 4, 128, 38, 29, 128, 286, 832, 169, 832, 4, 832]
[832, 832, 832, 832, 832, 832, 194, 832]
[832, 832, 832, 175, 462, 286, 51, 463, 832, 832]
[832, 832, 464, 282, 832, 832, 163, 55, 832, 429, 832, 465, 832, 113, 466]
[832, 58, 832, 31, 65, 467, 832, 832, 832]
[31, 114, 832, 832, 65, 355, 65, 175, 39, 313, 65, 175, 832, 468]
[832, 832, 832, 832, 832, 128, 154, 832]
[32, 436, 832, 832, 385, 188, 469, 282, 470, 189]
[471, 832, 472, 58, 69, 164, 128, 832]
[832, 53, 116, 274, 832, 38, 17, 31, 832, 832, 244, 832, 146, 272, 832, 832, 832, 832]
[832, 452, 3, 832, 832, 832, 3, 832, 473]
[832, 274, 832, 105, 7, 30, 832, 382, 128, 188, 353, 60, 832, 832, 474, 832, 832, 832, 832, 832]
[67, 69, 119, 65, 238, 832, 832, 475, 91, 832, 404]
[70, 65, 476, 7, 832, 477, 832, 832, 478, 81, 832, 832, 479, 65, 832, 832, 832, 832, 480, 481]
[832, 832, 832, 482, 304, 42, 832, 832, 832, 483, 832]
[65, 432, 46, 69, 267, 70, 65, 832, 832, 188, 832, 832, 188, 832, 85, 832, 135, 30, 832, 258, 832, 832, 832, 210, 832, 832, 832]
[46, 832, 461, 29, 69, 832, 832, 151, 103, 106, 832, 832, 65, 435, 832, 409, 327]
[188, 832, 484, 188, 242, 832, 832, 485, 103, 832, 832, 34, 486]
[832, 37, 132, 183, 63, 832, 832, 487, 832, 278, 194, 470, 337]
[31, 3, 488, 87, 832, 489, 832, 53, 4, 154, 490, 51, 3, 491, 489]
[832, 492, 832, 832, 493, 227, 91, 832, 832, 145, 105, 832]
[126, 382, 128, 832, 9, 832, 39, 281]
[494, 832, 10, 346, 37, 93, 832, 495, 85, 7]
[832, 832, 84, 832, 832, 461, 29, 69, 832, 832, 832, 832, 496, 832, 126, 832, 476, 31, 832, 305]
[253, 37, 832, 51, 11, 128, 155]
[91, 832, 832, 42, 206, 832, 497, 498, 188, 242, 499, 832, 50, 832]
[500, 832, 832, 501, 502, 832, 350, 28, 290, 423, 128, 832, 503]
[832, 455, 128, 832, 126, 504, 832, 505, 832, 832, 43, 504]
[67, 290, 154, 506, 832, 507, 508, 832, 832, 509, 510, 51, 832, 37, 832, 511, 832, 832, 508, 510]
[832, 87, 512, 832, 302, 832, 198, 103, 341, 832, 198, 832, 832]
[832, 13, 832, 832, 832, 832, 245, 219, 448, 70, 53, 4, 449]
[45, 341, 37, 393, 832, 832, 832, 278, 832, 227, 324, 116, 328, 240, 35]
[832, 287, 832, 832, 832, 103, 18, 19, 270, 832, 513, 832, 832, 832, 514]
[832, 832, 183, 832, 411, 832, 832, 361, 217, 58, 832, 832, 832, 832, 447, 832, 65, 305, 182, 832]
[832, 414, 217, 87, 274, 832, 832, 91, 96, 515, 103, 194, 832, 832, 45, 832, 22, 832, 832, 516]
[832, 832, 832, 832, 832, 832, 832, 832, 163, 517, 832]
[832, 164, 518, 832, 178, 37, 93, 19, 128, 832]
[519, 520, 832, 58, 521, 103, 346, 37, 70, 521, 70, 832, 832, 832]
[320, 321, 832, 522, 523, 832, 524, 832, 832, 131, 278, 163, 525]
[832, 359, 219, 128, 832, 143, 40, 103, 526, 7, 832, 832, 120, 175, 832, 832, 456, 175, 128, 832]
[263, 832, 832, 278, 832, 527, 218, 832, 832, 528, 832]
[832, 832, 832, 832, 529, 832, 832, 832, 832, 832, 832, 832, 70, 31, 32, 175, 832]
[32, 832, 282, 832, 530, 832, 400, 91, 832, 531, 832, 832, 177, 832, 220]
[832, 832, 437, 832, 832, 832, 532, 832, 832, 533, 534, 244, 148]
[163, 535, 832, 832, 70, 832, 832, 832, 832, 483, 832]
[536, 832, 832, 832, 537, 832, 832, 355, 832, 538, 832, 18, 19, 832, 832, 17]
[832, 832, 832, 832, 832, 832, 211, 832, 832, 832, 832]
[70, 832, 832, 88, 832, 832, 832, 126, 91, 832, 271, 515, 163, 295, 832, 5, 832, 411]
[832, 832, 832, 832, 175, 832, 19, 5, 539, 832, 832, 380, 32, 832, 371, 832, 244, 832]
[832, 832, 201, 540, 541, 832, 832, 44, 832, 832, 832, 832, 832, 832, 542, 70, 832, 832, 219, 832, 832, 832, 543]
[7, 32, 832, 120, 832, 832, 23, 456, 832, 534, 832]
[832, 832, 832, 832, 832, 832, 832, 832, 85, 832, 302, 832, 832, 544, 832, 545, 832, 211, 546]
[832, 504, 224, 217, 832, 515, 254, 547, 84, 832, 401, 832, 832, 19]
[832, 832, 832, 548, 832, 832, 832, 231, 136, 832, 29, 219]
[832, 401, 832, 91, 832, 832, 134, 269, 832, 132, 288]
[832, 832, 150, 433, 832, 255, 832, 151, 549, 832, 387, 832, 550, 551, 175, 832, 832, 317]
[832, 832, 832, 552, 832, 553, 324, 287, 832, 322, 832, 832, 832, 832]
[163, 832, 832, 832, 832, 832, 832, 832, 554, 163, 544, 555]
[832, 556, 395, 557, 544, 558, 832, 339]
[32, 175, 559, 832, 120, 534, 560, 832]
[832, 832, 293, 832, 832, 145, 832, 832, 525, 410, 832, 832, 520, 128, 145, 832, 832, 832, 832, 832]
[463, 561, 832, 52, 832, 479, 832, 562, 832, 76, 120, 832, 388, 832, 426, 832, 352, 393, 832, 479]
[832, 424, 31, 832, 832, 4, 343, 832, 832, 31, 217, 832, 199, 563]
[832, 832, 832, 456, 832, 832, 832, 128, 564, 832, 245, 832, 832]
[832, 58, 199, 200, 39, 128, 832]
[832, 177, 218, 832, 565, 832, 832, 832, 832, 832, 832, 832]
[832, 832, 832, 832, 199, 165, 832, 566, 194, 136, 219, 832, 832, 832]
[832, 832, 832, 69, 832, 45, 832, 567, 13, 568, 832, 832]
[832, 832, 832, 832, 569, 832, 300, 194, 832, 175, 570, 832, 194, 832, 832]
[832, 832, 377, 175, 7, 832, 87]
[832, 59, 832, 832, 324, 347, 329, 832, 571, 832, 832, 832, 572]
[70, 832, 168, 832, 5, 56, 7, 832, 832, 431, 154, 832, 154, 60, 534, 314]
[832, 380, 832, 566, 219, 832, 389, 832, 573, 832, 832, 832]
[70, 832, 573, 832, 832, 832, 832, 140, 832, 574, 153, 832, 72, 832, 282, 832, 832, 575]
[832, 832, 573, 832, 576, 70, 832, 577, 511, 578]
[832, 87, 832, 832, 450, 291, 4, 579, 832, 580, 832, 832, 405]
[832, 181, 832, 832, 581, 70, 832, 338, 832, 146]
[832, 582, 583, 832, 70, 194, 544, 584]
[832, 832, 585, 832, 832, 832, 832, 296, 282, 832, 39, 70, 832, 586, 832, 152, 832]
[227, 832, 832, 832, 314, 63, 316, 587, 103, 69, 273, 63, 2, 587]
[88, 550, 832, 116, 186, 832, 135, 136, 103, 832, 832, 219, 832, 422, 32, 832, 4, 832]
[32, 303, 19, 183, 832, 213, 832, 22, 832, 298, 215]
[832, 832, 19, 163, 832, 832, 832, 583, 832, 832, 17]
[832, 832, 832, 832, 832, 832, 832, 194, 832, 443, 832]
[832, 832, 588, 832, 163, 832, 103, 69, 163, 832]
[832, 832, 832, 552, 832, 589, 324, 590, 591, 585, 91, 194, 832, 832, 832, 16, 832, 592]
[593, 832, 832, 335, 463, 832, 594, 832, 832]
[832, 832, 832, 832, 113, 329, 832, 571, 832, 588, 832, 832]
[832, 832, 22, 832, 253, 832, 366, 183, 832, 832, 832, 832, 194, 832]
[832, 832, 832, 832, 832, 832, 832, 832, 832, 595, 410, 832, 832, 832, 832, 832, 358]
[832, 150, 435, 194, 596, 183, 17]
[832, 832, 553, 256, 597, 832, 832, 70, 832, 15, 14, 293, 163]
[410, 91, 832, 560, 832, 832, 832, 598, 194, 599, 91, 832, 832]
[163, 832, 832, 832, 832, 600]
[85, 832, 832, 832, 601, 832, 578, 832, 602, 832, 832]
[832, 832, 42, 832, 832, 559, 463, 832, 603, 594, 832]
[832, 424, 31, 832, 53, 832, 194, 832, 832]
[512, 832, 832, 39, 832, 4, 832, 5, 512, 227]
[194, 832, 832, 832, 604, 605, 175, 346, 154, 51, 832, 606, 605]
[832, 832, 832, 58, 80, 408, 495, 832, 832, 128, 832, 832]
[832, 162, 832, 228, 607, 493, 7, 832, 832, 608, 42, 832, 832, 832]
[832, 269, 155, 461, 832, 4, 832, 29, 832, 832, 832, 179, 832, 832, 832, 86, 832]
[45, 832, 76, 60, 832, 589, 324, 832, 330, 832, 279, 163, 19, 832, 578, 609, 504, 832]
[832, 832, 832, 42, 832, 832, 832, 832, 5, 610, 832]
[832, 183, 188, 611, 832, 832, 612, 70, 832, 832, 128, 832, 538, 832, 468, 613, 832, 832]
[832, 424, 115, 194, 614, 175, 6, 832, 194, 832, 596]
[832, 615, 616, 832, 832, 154, 51, 832, 832]
[32, 162, 346, 70, 832, 617, 618, 832, 832, 473, 832, 587]
[45, 832, 87, 832, 364, 91, 832, 832, 832, 832, 319, 563, 832, 100, 832, 587]
[832, 832, 832, 270, 619, 832, 466, 620, 37, 832, 319, 832, 91, 832]
[832, 439, 832, 832, 440, 832, 832, 5, 832, 832, 832]
[832, 832, 91, 194, 621, 832, 832, 832, 554, 832, 485, 622]
[832, 328, 282, 832, 832, 832, 832, 832, 266, 42, 832, 17, 459, 258, 832, 194, 599]
[832, 22, 832, 832, 585, 103, 69, 832, 121]
[199, 623, 289, 624, 832, 440, 832, 832, 163, 417, 832, 832, 206, 30, 832]
[832, 625, 91, 626, 832, 515, 832, 832, 396, 832, 832, 7, 832, 163, 832]
[45, 832, 832, 832, 832, 219, 832, 627, 7, 832, 832, 131, 832, 832, 628, 832, 79, 832, 832, 832]
[832, 832, 832, 282, 832, 134, 832, 360, 832, 832, 832, 520, 409]
[128, 832, 832, 121, 832, 224, 832, 53, 832, 832, 832, 85, 96, 20, 572]
[832, 832, 335, 183, 832, 230, 832, 832, 183, 832, 832]
[832, 87, 274, 832, 336, 549, 832, 629, 560, 618]
[832, 492, 832, 832, 832, 417, 32, 53, 4, 194, 20, 192]
[832, 87, 832, 630, 832, 357, 579, 832, 631, 832]
[832, 632, 832, 832, 70, 31, 832, 175, 832, 832]
[832, 632, 832, 459, 311, 832, 219]
[832, 633, 832, 63, 13, 348, 832, 543]
[832, 634, 116, 832, 832, 192, 31, 832, 87, 280, 115, 832, 391, 832]
[635, 42, 832, 636, 637]
[309, 832, 832, 128, 65, 31, 65, 431, 19]
[832, 332, 832, 638, 639, 832, 95, 832]
[832, 832, 91, 163, 832, 640, 832, 28, 163, 832, 103, 231, 832, 832, 28, 641, 228]
[832, 832, 163, 599, 44, 832, 33, 832, 261, 832, 282, 163, 642, 410, 643, 832, 832]
[832, 644, 832, 222, 832, 832, 253, 645]
[832, 832, 163, 560, 395, 832, 832, 334, 646]
[832, 832, 832, 70, 832, 832, 832, 421, 832]
[832, 37, 69, 832, 67, 832, 362, 45, 46, 647, 832, 832]
[832, 648, 832, 832, 832, 103, 649, 155, 649, 292, 393, 137]
[67, 832, 832, 832, 832, 832, 832]
[31, 65, 59, 60, 832, 65, 472, 832, 431, 183, 188, 650]
[56, 123, 69, 832, 65, 832, 467, 188, 832, 832, 383]
[45, 832, 651, 832, 128, 832, 560, 121, 832, 52, 832, 832, 832]
[832, 197, 832, 34, 652, 832, 832, 832, 832, 103, 70, 832, 832, 540, 832, 526, 832, 653]
[39, 43, 547, 832, 832, 832, 645]
[125, 42, 430, 832, 832, 832, 832, 37, 231, 832, 623, 832, 121]
[3, 276, 832, 105, 832, 832, 832, 37, 106, 71, 128, 188, 654]
[832, 832, 655, 45, 832, 332, 832, 832, 832, 4, 84, 832, 832, 832, 358, 84, 656]
[832, 37, 182, 228, 55, 832, 832, 832, 832, 4, 481, 278, 657, 832, 37, 832]
[832, 53, 4, 832, 31, 832, 520, 175, 832, 832, 832, 832]
[832, 832, 300, 832, 832, 227, 832, 5, 53, 436, 257, 103, 32, 832, 658, 514, 84, 832, 832, 194, 659, 128, 832, 832]
[832, 832, 832, 660, 832, 832, 832]
[832, 186, 42, 832, 832, 832, 832, 84, 832, 123, 182, 79, 832, 832]
[46, 132, 183, 133, 45, 65, 832, 832, 571, 832, 832, 540, 63, 661, 832, 832, 832, 661]
[649, 652, 45, 227, 662, 105, 498, 19, 832, 832, 354, 32, 832]
[832, 832, 832, 832, 239, 65, 79, 832, 663, 188, 664, 228]
[96, 166, 37, 155, 832, 832, 188, 469]
[227, 324, 832, 91, 832, 534, 654, 832, 534, 832, 58, 84, 832]
[832, 832, 832, 194, 832, 832, 832, 665]
[832, 666, 37, 115, 832, 45, 65, 347, 238, 188, 575]
[478, 188, 832, 420, 832, 5, 270, 151, 832, 667]
[832, 832, 832, 832, 832]
[832, 832, 37, 68, 39, 832, 428, 91, 832]
[45, 832, 832, 832, 832, 123, 28, 832, 832, 668]
[459, 832, 669, 832, 832, 832, 613, 832, 87, 150, 670, 832, 832, 832, 175, 832]
[832, 188, 832, 832, 659, 832, 832, 832, 128, 832, 832, 671]
[128, 672, 832, 91, 832, 207, 346, 402, 673, 832, 832, 832, 832, 832]
[647, 91, 832, 599, 183, 832, 832, 832, 832, 832, 832]
[674, 675, 305, 4, 579, 832, 832, 183, 234, 497, 832, 832, 676]
[389, 832, 832, 832, 677, 832, 832, 116, 290, 832, 832]
[346, 37, 70, 832, 832, 70, 832, 832, 832]
[341, 222, 651, 80, 832, 832, 832, 625, 832, 329, 832, 832]
[832, 832, 37, 832, 603, 832, 832, 7, 832]
[832, 104, 832, 832, 832, 678, 358, 832, 91, 679, 336]
[832, 124, 3, 832, 832, 680]
[832, 37, 832, 832, 45, 832, 240, 832, 681, 832, 832, 832, 91, 188, 599]
[832, 305, 171, 832, 832, 478, 534, 832, 832]
[832, 37, 199, 832, 832, 194, 344, 37, 832, 832]
[832, 60, 832, 682, 254, 85, 3, 832, 832]
[270, 19, 183, 832, 37, 128, 832, 832]
[31, 63, 832, 832, 832, 832, 832, 568, 58, 832, 132, 832]
[832, 832, 832, 832, 832, 832, 683]
[598, 105, 832, 188, 832, 684]
[832, 138, 832, 128, 832, 37, 93, 832]
[832, 832, 832, 832, 832, 832, 379, 832, 7, 832, 832, 832, 832, 409]
[832, 832, 832, 58, 832, 832, 685, 832, 686, 832, 832]
[832, 832, 687]
[688, 457, 832, 832, 832, 597, 832, 428, 434]
[832, 832, 689, 832, 544, 637]
[832, 89, 90, 91, 832, 832]
[63, 568, 91, 832, 128, 832, 690, 832, 832]
[832, 832, 832, 312, 832, 520]
[691, 160, 323, 5, 832, 453, 832]
[832, 832, 832, 453, 832, 574, 832]
[688, 492, 832, 692, 60, 693, 606]
[832, 332, 832, 832, 832, 194, 832, 832]
[832, 256, 42, 832, 694, 533, 832, 832]
[832, 76, 28, 423, 832, 65, 87, 832, 604, 832, 466, 232]
[695, 318, 832, 351, 832, 696, 832, 832, 529, 832, 697]
[832, 76, 698, 118, 832, 159, 287, 832, 832, 832, 667]
[699, 700, 832, 163, 242]
[832, 832, 701, 832, 578, 832, 832]
[832, 567, 832, 832, 832, 178]
[65, 116, 674, 251, 832, 4, 702, 103, 832, 350, 703, 65, 832, 251, 832, 4, 704]
[832, 445, 832, 705, 91, 832, 681, 832, 696]
[163, 832, 832, 832, 832, 478, 91, 225]
[832, 87, 832, 832, 832, 643, 832, 832, 588]
[832, 706, 76, 101, 832, 707, 278, 832, 832, 832, 832, 127]
[832, 832, 87, 832, 832, 194, 611, 832, 832, 708]
[463, 832, 832, 569, 709, 173, 832, 326, 832, 832, 832, 710, 163, 832]
[832, 832, 155, 832, 832, 689, 253, 832, 832]
[832, 435, 832, 832, 711, 832, 546, 69, 832, 663, 42, 832, 832, 545, 103, 832, 663, 227, 41, 42, 151]
[832, 616, 832, 163, 696, 91, 832, 191, 832, 832, 263]
[341, 832, 324, 832, 832, 832, 832, 832]
[832, 712, 832, 323, 713, 832, 832, 175, 668, 51, 832, 714, 832, 832, 832, 160]
[45, 257, 832, 715, 301, 34, 194, 832, 257, 42, 832, 537, 832, 367]
[832, 716, 832, 717, 832]
[832, 128, 96, 832, 832, 832, 583, 282, 456]
[832, 175, 709, 219, 832, 832, 832]
[832, 639, 3, 315, 832, 482, 672]
[310, 350, 116, 832, 4, 832]
[526, 832, 79, 832, 832, 3, 832, 832, 662, 718, 31, 649, 719, 636]
[56, 305, 507, 832, 832, 183, 832]
[649, 832, 412, 720]
[172, 329, 105, 65, 59, 254, 832, 832, 832]
[56, 116, 721, 619, 324, 119, 40, 282, 129, 127, 183, 17, 128, 519, 832, 832, 832, 832, 832, 708]
[722, 832, 442, 37, 832, 8, 70, 442, 832, 722, 832, 206, 832, 35, 37, 290, 668, 832, 10, 832, 188, 599]
[65, 832, 19, 493, 832, 188, 832, 832]
[603, 684, 832, 832, 278, 832, 650, 42, 832, 832, 549, 723, 355, 832, 227, 58]
[649, 832, 91, 832, 832, 471, 724]
[725, 832, 832, 832, 386, 188, 832, 282, 832, 473, 832, 1, 726, 832, 832]
[832, 832, 512, 832, 832, 832, 832, 832, 832]
[649, 832, 237, 832, 68, 132, 832, 832, 832, 832, 832, 7, 832, 103, 832, 832, 227]
[832, 832, 183, 832, 227, 726]
[45, 832, 727, 728, 832, 60, 832, 832, 832, 832, 323, 832, 525, 832, 832, 84, 832, 729, 58, 577, 368]
[832, 616, 63, 832, 832, 832]
[832, 832, 832, 832, 140, 832, 832, 58, 730, 832, 832, 832, 832, 339, 832, 832, 832, 832]
[832, 401, 832, 832, 121, 87, 186, 832, 4, 832, 51, 114, 832, 832, 832, 301, 197, 55, 657]
[832, 89, 832, 832, 832, 832, 832, 832, 832, 253, 832]
[832, 441, 493, 832, 832, 832, 8, 70, 832, 832, 832, 832, 180, 154, 832]
[832, 832, 832, 702, 183, 832, 731, 832, 832, 832, 832, 732]
[832, 832, 401, 832, 116, 832, 832, 529, 534, 832]
[194, 832, 832, 832, 733, 832, 357, 832, 832, 832, 832, 390, 832, 832, 832]
[832, 303, 282, 832, 832, 832, 22, 734, 832]
[217, 735, 195, 832, 832, 832, 479, 832, 126, 832, 832, 736, 42, 194, 642]
[832, 87, 832, 832, 423, 832, 832, 737, 738, 832, 677]
[832, 139, 832, 393, 832, 832, 832, 380, 832, 832, 156]
[832, 522, 832, 832, 219, 832, 434, 832, 832, 241]
[638, 639, 832, 175, 194, 242, 832]
[832, 832, 832, 32, 689, 211, 199, 423, 463, 832, 35]
[394, 168, 832, 832, 832, 832, 93, 832, 832, 739]
[194, 47, 832, 832, 832, 217, 832, 346, 832, 453, 397, 453, 832]
[740, 258, 832, 832, 410, 691, 832, 832, 741]
[832, 92, 832, 832, 391, 214, 832]
[832, 832, 832, 832, 26, 742, 60, 832, 91, 832, 697]
[832, 457, 151, 832, 832, 832, 832, 832, 192]
[832, 743, 103, 150, 4, 832, 128, 50, 273]
[236, 199, 535, 211, 151, 431, 463, 832]
[832, 832, 744, 832, 832, 832, 832, 194, 47]
[832, 23, 832, 832, 5, 832, 832, 832]
[832, 27, 4, 332, 832, 832, 370, 832, 638, 745]
[217, 58, 199, 832, 832, 832, 832, 202, 502]
[832, 832, 832, 832, 832, 422, 832, 354]
[832, 59, 331, 91, 832, 103, 832, 10]
[67, 506, 832, 698, 832, 832, 301, 43, 832, 832, 143]
[832, 689, 832, 12, 832, 219, 832, 832]
[194, 52, 832, 832, 91, 84, 167, 832, 832, 832, 737, 542, 832, 832, 832, 832]
[832, 590, 832, 507, 832, 415, 832, 832, 746]
[217, 175, 394, 832, 744, 832, 832, 832, 832, 127]
[217, 832, 199, 487, 115, 832, 53, 186, 42, 832, 399]
[832, 319, 832, 91, 832, 832, 832, 120, 115, 53, 331]
[832, 197, 163, 611, 535, 832, 832, 832, 832, 703, 832, 154, 499]
[36, 65, 116, 832, 39, 703, 19, 832, 297, 5, 832]
[832, 832, 557, 44, 832, 747, 832, 357, 325, 832, 832, 181, 748]
[832, 113, 460, 832, 832, 185, 832, 749, 832, 29, 749, 832, 84, 832, 632, 832]
[832, 269, 832, 832, 832, 87, 669, 91, 103, 42, 832, 832]
[832, 87, 401, 832, 427, 194, 750, 832, 832, 194, 750]
[832, 692, 832, 624, 832, 832, 832, 213, 832, 832, 689, 832, 832, 832, 832, 832]
[832, 832, 832, 87, 832, 832, 832, 832, 202, 606]
[832, 832, 19, 403, 832, 194, 832, 121, 832, 832, 832, 194, 751, 832]
[832, 160, 633, 832, 832, 832, 832, 832, 282, 832, 752, 355, 832, 22, 194, 315, 43]
[832, 832, 832, 68, 132, 832, 128, 357, 832, 832]
[635, 42, 832, 832, 832, 29, 115, 56, 753, 184]
[832, 832, 335, 832, 194, 832, 832, 832, 832, 832, 640]
[832, 87, 832, 612, 19, 832, 70, 832, 832, 754]
[832, 832, 194, 535, 13, 832, 832, 194, 832]
[832, 755, 832, 832, 832, 832, 832, 756, 832, 832, 832, 35, 219]
[832, 832, 269, 832, 832, 832, 832, 141, 832, 93, 832, 183, 115, 832, 332, 183, 832, 333, 832, 832, 334]
[85, 832, 82, 832, 832, 832, 93, 87, 832, 832, 832, 664]
[832, 76, 229, 135, 128, 757, 832, 832, 832, 832, 175, 832]
[832, 758, 194, 544, 832, 70, 80, 832]
[759, 414, 832, 231, 136, 832, 832, 270, 282, 405, 832, 832, 249]
[832, 445, 63, 194, 349, 832, 679, 2, 760]
[832, 168, 832, 832, 93, 52, 832, 832, 832, 832, 319, 832, 752, 246, 832, 240, 158, 51, 1]
[730, 194, 761, 295, 832, 492, 194, 560, 832]
[832, 332, 194, 310, 182, 832, 45, 832, 832, 197, 194, 832, 832, 762]
[141, 832, 107, 832, 832, 256, 832, 715, 832]
[832, 457, 151, 832, 410, 832, 432, 832, 239, 832, 401, 69, 832, 425, 832, 832, 391, 494]
[832, 832, 506, 128, 161, 832, 832, 832, 603, 832, 163, 832, 733, 832, 832, 832, 832]
[763, 625, 194, 832, 5, 832, 832, 620, 764, 765, 37, 764, 765, 832]
[725, 832, 832, 42, 110, 111, 766, 832, 194, 248, 183, 767, 832]
[832, 832, 832, 832, 655, 5, 832, 832, 558, 227, 87, 832, 151]
[832, 66, 328, 597, 832, 832, 832, 832, 832, 832, 351, 832, 374, 832, 832, 375]
[832, 832, 832, 5, 832, 527, 832, 832, 260, 398, 19, 91, 832, 832]
[757, 76, 698, 118, 832, 265, 832, 832, 34, 206, 832, 832, 45, 832, 832, 151, 832, 43, 832, 832]
[832, 832, 832, 832, 832, 569, 832]
[70, 832, 832, 832, 533, 832, 832, 832, 768, 163, 276, 832, 87, 274, 832]
[832, 303, 183, 832, 832, 832, 832, 832, 576, 103, 7, 832, 832, 131, 37, 832, 163, 832, 832, 10, 38]
[832, 218, 456, 832, 832, 832, 832, 832, 5, 832, 832, 769, 277]
[832, 150, 87, 80, 408, 832, 91, 118, 832, 479, 291, 4, 562]
[832, 832, 832, 832, 832, 282, 832, 832]
[832, 326, 832, 832, 341, 53, 307, 832, 194, 832, 832]
[832, 770, 832, 832, 125, 832, 4, 832, 71, 30, 45, 832, 22, 832, 832, 832, 832, 832]
[832, 401, 832, 832, 194, 771, 832, 832, 832]
[832, 18, 19, 392, 194, 832, 832, 72, 832, 373]
[832, 87, 832, 506, 121, 832, 19, 832, 163, 611, 772, 832]
[832, 832, 142, 264, 150, 832, 278, 115, 832, 287, 832, 10, 832, 391, 10, 114, 832, 832]
[832, 87, 832, 832, 832, 832, 832, 163, 832, 832, 211, 163, 602, 832, 832, 391, 28, 832, 571]
[832, 372, 487, 542, 832, 206, 30, 832, 53, 7, 773, 28, 423]
[832, 669, 832, 231, 493, 832, 832, 832, 832, 832, 832, 526, 832, 125, 832, 291, 4, 832, 5, 832, 544, 774]
[410, 7, 163, 775, 175, 832, 832, 161, 87, 832, 832, 423, 832, 770, 832, 391, 87, 832, 832, 423]
[832, 87, 832, 277, 832, 832, 832, 84, 832, 832, 710, 832, 98, 832, 674, 30]
[832, 538, 776, 429, 832, 832, 832, 832, 832, 603, 832, 832, 832, 732, 529, 832, 629]
[217, 116, 274, 336, 45, 832, 644, 832, 4, 832, 42, 3, 447, 103, 112, 269, 206, 832, 628, 336]
[832, 832, 777, 832, 263, 832, 832, 778, 225, 103, 832, 76, 95, 43, 70, 449]
[832, 832, 832, 832, 294, 832, 832, 459, 832, 832, 599, 5, 832, 832]
[832, 832, 111, 832, 779, 832, 780, 330, 832, 165, 534, 619, 95, 652]
[142, 167, 832, 116, 781, 259, 832]
[832, 832, 419, 329, 231, 782, 832, 832, 149]
[783, 582, 295, 55, 832, 832, 411]
[832, 832, 254, 784, 832, 832, 832, 167, 390, 832, 785, 832, 832, 832, 109, 194, 832]
[832, 832, 832, 832, 410, 832, 832, 832, 832, 212, 456, 42, 832, 832]
[832, 832, 832, 832, 832, 144, 32, 224, 832, 832]
[832, 832, 832, 832, 832, 786, 557, 44, 747, 832, 832, 832, 832, 258, 832]
[832, 832, 424, 115, 832, 372, 832, 832, 253, 832, 91, 832, 462, 531, 832, 832, 111, 832]
[832, 832, 832, 663, 832, 164, 832, 832, 832, 832]
[832, 832, 832, 832, 832, 832, 787, 711, 832, 832, 832, 44]
[832, 731, 832, 69, 832, 832, 832, 87, 307, 832, 278]
[832, 832, 832, 788, 832, 832, 553, 459, 690, 103, 832, 832, 832, 832, 832, 832, 162, 69, 832, 832]
[832, 545, 87, 832, 832, 832, 146, 770, 832]
[832, 832, 832, 37, 832, 55, 65, 58, 567, 832, 62, 832, 832, 128, 789]
[70, 121, 435, 91, 832, 2, 832, 245, 282, 832, 832, 832, 118, 832, 2, 113, 10, 832]
[832, 243, 789, 832, 534, 832, 382, 91, 534, 790]
[832, 786, 832, 175, 785, 832, 329, 832, 549, 32, 7, 435, 534, 535, 832, 832, 832]
[832, 361, 832, 456, 832, 58, 199, 200, 39, 832, 832, 832, 103, 740, 791, 685, 832]
[534, 832, 832, 4, 586, 312, 832, 673, 180]
[792, 793, 832, 832, 832, 58, 832, 832, 832, 231, 233, 45, 65, 27, 120, 35]
[832, 554, 832, 832, 717, 832, 832]
[832, 832, 832, 832, 832, 679, 832, 832, 832]
[832, 237, 832, 303, 154, 60, 832, 832, 51, 832, 2]
[832, 832, 832, 832, 70, 31, 194, 832, 832, 91, 832, 832, 832, 389, 832, 832, 832, 162]
[67, 69, 477, 832, 832, 832, 626, 832, 703, 65, 832, 475, 5, 832, 832, 832, 349, 45, 32, 794]
[832, 265, 91, 832, 832, 832, 832, 832, 325, 394, 336]
[832, 832, 832, 832, 832, 832, 832, 701, 832, 832, 832, 832, 756]
[832, 296, 832, 832, 832, 832, 24, 832, 58, 832, 237, 630, 128, 114, 671]
[832, 87, 832, 163, 619, 832, 114, 832, 332, 91, 832, 832, 53, 795, 35, 31, 32, 832, 832]
[70, 832, 328, 383, 832, 404, 832, 303, 832, 832, 832, 832, 414, 832, 87, 781, 832, 544, 610, 832]
[161, 414, 31, 163, 488, 87, 832, 489, 832, 53, 4, 154, 490, 51, 163, 832, 491, 489]
[832, 595, 832, 832, 143]
[221, 123, 467, 832, 544, 84, 682, 112, 70, 832, 196]
[112, 832, 832, 3, 646, 832, 832, 128, 832, 796]
[112, 37, 832, 30, 61, 340, 832, 115, 769, 832, 60]
[112, 56, 832, 832, 128, 3, 797, 832]
[112, 832, 586, 832, 544, 832, 832]
[112, 223, 832, 832, 832, 832, 3, 88, 832, 832, 798, 89]
[832, 332, 181, 832, 169, 832]
[832, 528, 832, 4, 832, 799]
[832, 52, 832, 4, 832, 121, 31, 832, 832, 163, 832]
[800, 120, 832, 334, 416, 85, 832, 832, 273, 832, 314]
[832, 801, 513, 350, 580, 676]
[832, 52, 253, 53, 116, 326, 832, 832, 832, 103, 832, 76, 131, 278, 832, 832]
[13, 305, 116, 454, 154, 832, 103, 773, 832, 39, 832, 832]
[23, 742, 142, 802, 183, 832, 121, 832, 169, 832, 396, 832, 254, 128, 832]
[832, 660, 91, 832, 802, 30, 83, 3, 288, 832, 832]
[803, 832, 76, 832, 290, 128, 832, 560, 832, 84, 832, 76, 832, 832, 832, 832]
[832, 339, 832, 804, 832, 70, 832, 804, 749, 70, 135]
[832, 590, 534, 560, 66, 832, 103, 443, 3, 47, 85, 832, 832, 832]
[32, 832, 832, 187, 832, 832, 832, 779]
[32, 832, 832, 734, 832, 549, 832, 832, 206, 231, 770, 289, 832, 507, 832]
[227, 663, 487, 105, 805, 103, 832, 93, 832, 832]
[832, 91, 3, 806, 58, 832, 183, 832, 746, 832, 832, 768, 5, 832, 807, 832, 832]
[832, 762, 832, 832, 304, 28, 3, 342, 808, 103, 3, 283, 832, 37, 93, 832]
[832, 784, 832, 3, 650, 42, 832, 254]
[832, 832, 832, 84, 832, 463, 832, 832, 401, 832, 269, 764, 832, 832]
[832, 832, 80, 832, 832, 832, 396, 832, 832]
[832, 832, 832, 445, 832, 832, 99, 832, 832, 592]
[832, 101, 832, 694, 103, 649, 832, 409, 63, 832]
[832, 113, 460, 31, 832, 832, 80, 832, 683, 29, 832, 832]
[464, 168, 201, 37, 832, 832, 721, 767, 31, 65, 281, 832, 4, 832, 832, 548]
[45, 832, 832, 163, 242, 516, 832, 832, 809, 832, 832, 832, 832, 687]
[3, 832, 299, 37, 832, 832, 410, 474, 832]
[832, 832, 460, 31, 832, 305, 631, 163, 654, 29, 832, 163, 696]
[832, 832, 832, 560, 121, 832, 87, 307, 308, 72, 727, 564, 91, 80, 706]
[11, 37, 832, 164, 613, 832, 832, 748]
[217, 37, 199, 38, 832, 51, 832, 183, 832, 277, 832, 832, 614]
[832, 113, 698, 118, 341, 78, 832, 120, 832, 832, 213, 37, 832, 832, 693, 606]
[832, 401, 832, 832, 7, 832, 563, 91, 832, 832, 70, 832, 754]
[3, 797, 242, 832, 832, 601, 832, 219, 832, 729]
[832, 164, 782, 832, 832, 37, 810, 811, 832, 320, 321]
[217, 58, 1, 832, 832, 832, 832, 665, 832]
[832, 387, 832, 787, 219, 188, 708, 832, 832, 518, 832, 132, 812]
[482, 832, 58, 211, 832, 638, 832]
[164, 775, 58, 60, 201, 658, 832, 832]
[832, 58, 832, 832, 136, 832, 333, 188, 30]
[832, 48, 37, 832, 164, 136, 832, 813, 832, 796, 832]
[832, 58, 150, 38, 809, 373, 615, 832, 832]
[832, 159, 87, 832, 832, 832, 832, 832, 68, 832, 832]
[832, 211, 832, 832, 832, 163, 482, 832, 80, 832]
[832, 326, 832, 832, 91, 832, 416, 557, 832, 832, 194, 832, 832, 194, 316]
[832, 287, 832, 4, 832, 103, 231, 31, 832, 832, 832, 832, 814]
[832, 832, 832, 552, 832, 553, 832, 150, 832, 212, 832, 832, 832, 832]
[832, 832, 832, 5, 832, 832, 832, 3, 482, 832, 832, 832, 832, 832]
[39, 493, 832, 456, 37, 253, 350, 704, 65, 347, 832, 832]
[112, 832, 484, 832, 832, 832, 435, 832, 91, 832, 656, 30]
[263, 832, 832, 60, 832, 55, 65, 832, 832]
[172, 319, 91, 832, 832, 493, 832, 347, 65, 140]
[832, 37, 80, 832, 832, 832, 832, 832, 347, 171]
[832, 590, 832, 431, 183, 832, 410, 63, 699, 260, 261]
[815, 150, 287, 832, 43, 832, 832, 103, 3, 316, 53, 832, 105]
[31, 65, 832, 393, 394, 832, 800, 816, 832, 413, 832]
[832, 197, 832, 322, 832, 3, 751, 832, 103, 832, 832, 269, 832, 3, 75]
[832, 194, 777, 45, 832, 817, 832, 832, 832, 832, 832, 832, 745]
[832, 231, 832, 294, 832, 45, 832, 117, 58, 832]
[832, 832, 832, 231, 832, 832, 832, 832, 324, 76, 60, 832, 745]
[65, 305, 182, 229, 832, 42, 72, 324, 832, 253, 631, 832, 832, 51, 23, 631]
[832, 832, 714, 128, 832, 832, 832, 452, 832, 832]
[832, 83, 832, 832, 3, 832, 37, 211, 832, 693, 606]
[832, 832, 832, 832, 832, 103, 832, 496, 832, 832, 3, 832]
[832, 832, 438, 832, 136, 832, 832, 832, 463, 561, 500, 182, 274, 217]
[832, 182, 770, 115, 832, 303, 60, 55, 832, 578, 814, 509, 818]
[832, 83, 506, 832, 10, 832, 832, 31, 65, 39, 819, 91, 188, 25]
[832, 291, 4, 832, 206, 587, 832, 350, 43, 367, 832, 96, 832, 832, 631]
[157, 150, 52, 536, 832, 832, 231, 832, 832, 120]
[175, 365, 278, 805, 832, 832, 818, 493, 227, 832, 131, 740, 621]
[832, 517, 252, 278, 357, 183, 832, 766, 832, 832, 832, 832, 37, 832, 309, 832, 135, 136, 832, 832]
[150, 467, 832, 760, 91, 832, 832, 832, 832]
[309, 199, 235, 832, 832, 832, 347, 791, 4, 832, 832, 832]
[832, 457, 105, 142, 135, 832, 432, 832, 832, 832, 284, 274, 832, 832, 431, 60, 832, 213]
[832, 256, 42, 832, 832, 622, 832, 832, 832, 832, 486]
[832, 87, 163, 164, 705, 307, 91, 163, 544, 681, 832, 696]
[832, 182, 429, 118, 115, 45, 832, 355, 779, 219, 324]
[832, 712, 832, 164, 136, 832, 832, 832, 832, 10, 832, 832, 832, 115, 301, 274, 765, 7, 194, 832]
[695, 332, 832, 832, 832, 832, 832, 832, 511, 832, 832]
[61, 116, 65, 832, 815, 820, 1, 755, 832]
[832, 291, 4, 832, 832, 121, 815, 274, 832, 128, 832, 832, 832]
[357, 832, 832, 832, 832, 617, 832, 832, 194, 832, 128, 268]
[832, 216, 832, 194, 832, 211, 105, 101, 832, 808, 832, 832, 240, 3, 832, 681]
[832, 603, 147, 832, 411, 815, 87, 832, 45, 832, 414, 832, 832, 832, 91, 587, 832, 175, 39, 832]
[832, 291, 4, 832, 832, 832, 832, 70, 832, 503, 493, 65, 59, 116, 832, 821, 278, 822, 832]
[815, 441, 7, 393, 275, 832, 93, 832, 332, 832, 832, 324, 209, 3, 823]
[183, 832, 411, 832, 832, 832, 603, 832, 832, 832, 832, 824, 832]
[832, 832, 832, 590, 832, 816, 832, 30, 832, 832, 832, 823]
[832, 832, 231, 211, 832, 832, 832, 493, 832, 27, 832, 832, 163, 832]
[183, 20]
[832, 832, 832, 597, 832, 832, 693, 832, 150, 465, 832, 825, 87, 170]
[820, 832, 832, 832, 832, 58, 832, 549, 832, 347, 171]
[832, 314, 832, 832, 593, 116, 832, 54, 384, 832, 505, 832, 751, 282, 832, 832]
[832, 720, 832, 832, 832, 832, 832, 832, 832, 70, 80, 379, 832]
[832, 456, 736, 597, 832, 208, 76, 431, 832, 832, 42, 832, 88]
[832, 205, 832, 832, 163, 832, 832, 832, 832]
[86, 253, 832, 832, 401, 832, 710, 805, 112]
[832, 832, 42, 832, 832, 832, 832, 88, 826, 236, 832, 379, 832, 91, 832, 379]
[210, 817, 832, 627, 551, 28, 678, 832]
[141, 401, 832, 28, 832, 832, 163, 184]
[832, 832, 832, 832, 827, 832, 832, 406, 832, 832, 832, 772, 812, 832]
[32, 401, 832, 832, 80, 832, 832, 693, 606]
[658, 28, 237, 832, 45, 456, 828, 735, 832]
[832, 832, 832, 832, 832, 103, 832, 154, 51, 369, 832, 832]
[141, 52, 832, 164, 136, 832, 446, 832, 832, 184, 832, 832, 832, 832, 832, 832, 832]
[832, 832, 832, 832, 829, 832, 832, 832, 606]
[832, 801, 832, 455, 832, 4, 832, 5, 832, 832, 832, 832, 832, 534, 832]
[832, 832, 265, 240, 832, 406, 832, 282, 832, 832, 479]
[194, 34, 832, 0, 832, 832, 832, 331, 832, 832, 724]
[832, 554, 652, 45, 56, 832, 832, 832, 163, 793]
[832, 832, 110, 832, 366]
[832, 332, 832, 530, 832, 227, 732, 534, 832, 832, 391, 707, 832, 206, 734]
[832, 832, 456, 832, 832, 832, 832, 410, 56, 616, 129, 135, 283]
[832, 332, 515, 795, 80, 678, 136, 832, 832, 257, 91, 564]
[403, 639, 832, 832, 60, 832, 10, 832, 832, 832]
[832, 700, 832, 467, 44, 71, 747, 128, 7, 832, 146]
[759, 670, 7, 627, 832, 305, 4, 832, 5, 7, 397, 641]
[32, 832, 601, 832, 515, 32, 770, 199, 206, 53, 307, 732]
[45, 832, 832, 832, 832, 832, 575, 832, 832, 832, 799]
[832, 832, 296, 156, 70, 832, 832, 832, 832]
[555, 832, 457, 832, 832, 832, 832, 183, 832, 110, 832]
[832, 832]
[832, 827, 832, 418, 832, 832, 515, 832, 115, 832, 186, 244]
[832, 144, 832, 652, 278, 461, 832, 832, 832, 832, 663, 9, 832, 29, 663, 9, 219]
[832, 554, 832, 832, 832, 721, 832, 832]
[832, 593, 832, 832, 523, 832, 824, 741, 666]
[832, 675, 832, 832, 621, 819, 150, 541, 832, 231, 832, 832]
[832, 832, 76, 698, 118, 832, 832, 825, 76, 101, 832, 4, 194, 315]
[832, 590, 812, 393, 220, 832, 194, 832, 585, 91]
[832, 76, 698, 118, 199, 206, 78, 287, 832, 679, 832, 832, 832, 739]
[514, 832, 832, 832, 130]
[832, 832, 783, 1, 125, 832, 832, 832, 832, 51, 832, 832]
[832, 201, 832, 724, 832, 832, 832, 832, 832, 67, 832]
[163, 832, 832, 495, 832, 570, 699]
[763, 76, 698, 118, 194, 780, 634, 33, 151, 832, 194, 86, 832, 183, 832, 798, 832]
[832, 716, 788, 99, 430, 832, 832, 183, 832, 774, 832, 832, 832, 515, 832, 832, 832, 832, 832, 84, 32, 832, 238, 534, 136, 184]
[154, 832, 175, 308, 832, 832, 832, 180, 51, 183, 832, 832]
[70, 832, 832, 42, 832, 832, 832, 832, 832, 832]
[91, 99, 832, 832]
[832, 524, 832, 554, 832, 1, 832, 832, 324, 87, 274, 832, 128, 832, 832, 771]
[832, 539, 832, 113, 832, 103, 779, 470, 419]
[832, 758, 194, 384, 832, 4, 183, 832, 830, 306, 183, 832, 830, 121]
[832, 817, 832, 832, 37, 506, 832, 832, 273, 832, 832, 2]
[832, 633, 832, 822, 194, 832, 832, 832, 832, 832, 832, 2, 832]
[826, 832, 832, 832, 163, 556, 395]
[832, 532, 501, 832, 832, 832, 832, 194, 832, 832, 832, 34, 219, 832, 832, 250]
[832, 832, 832, 236, 80, 678, 30, 55, 832, 598, 832, 581]
[832, 832, 7, 832, 45, 832, 435, 194, 304, 104]
[832, 832, 832, 706, 554, 832, 832, 832, 832, 832]
[832, 832, 242, 591, 630, 832, 832, 527, 832, 163, 832, 832, 296, 832]
[832, 832, 37, 164, 197, 832, 832, 832]
[832, 832, 113, 832, 330, 832, 588]
[832, 197, 832, 690, 832, 832, 728, 394, 390, 832, 30, 103, 832, 493, 832, 76, 101, 832, 794, 267]
[832, 832, 410, 258, 832, 832, 832, 5, 609, 832, 832]
[832, 87, 832, 315, 832, 110, 111, 451, 832, 832, 103, 832, 832, 480, 832, 70, 832, 832, 832, 832]
[832, 828, 832, 41, 383, 832, 7, 3, 380, 832, 360]
[217, 175, 832, 180, 832, 832, 832, 832, 832, 832, 713, 832, 832, 832]
[832, 664, 832, 832, 761, 832, 832, 832, 96, 782, 832, 832, 832]
[32, 313, 227, 94, 362, 832, 832, 534, 832, 367, 169, 199, 206, 463, 832, 534, 611, 738]
[832, 832, 832, 832, 821, 832, 3, 832, 409, 832, 329, 115, 832, 832, 74]
[832, 150, 633, 278, 357, 832, 91, 832, 832, 832, 55, 832, 391, 778]
[67, 362, 832, 94, 832, 4, 832, 832, 832, 832, 832]
[832, 832, 832, 776, 565, 219, 194, 832, 91, 832, 607, 207]
[31, 65, 68, 832, 188, 832, 65, 27, 39, 278, 140, 832, 351, 832, 199, 206, 792, 832, 832]
[832, 803, 238, 163, 278, 70, 832, 70, 832, 832, 832, 806]
[67, 182, 832, 832, 832, 832, 188, 750, 832, 91, 832, 70, 832, 70, 832, 832, 832, 832]
[826, 115, 188, 832, 648, 116, 145, 65, 217, 37, 832, 830, 136, 832, 832, 832, 832]
[832, 211, 718, 832, 320, 321, 832, 70, 832, 76, 101, 832, 832, 91, 832, 811]
[832, 132, 832, 832, 832, 832, 831, 37, 832, 832]
[832, 554, 356, 832, 832, 111, 832, 832, 832, 832, 91, 105]
[67, 150, 832, 132, 288, 832, 832, 832, 42, 832, 832, 832, 832, 832, 358]
[832, 832, 167, 790, 662, 128, 832, 832, 103, 832, 287, 832, 667, 832, 832, 832, 832, 832]
[128, 512, 832, 235, 832, 832, 786, 76, 476, 832, 807, 832, 486, 128, 3, 485, 70, 832, 832, 832]
[85, 832, 718, 832, 831, 672, 832, 332, 3, 743, 832, 832]
[832, 458, 832, 832, 832, 832, 832, 608, 832, 832, 832, 832, 95, 376]
[832, 832, 239, 723, 820, 832, 11, 832]
[649, 69, 832, 130, 810, 103, 832, 10, 60, 810, 832]
[815, 182, 308, 832, 154, 624, 832, 185, 829, 832, 583]
[239, 832, 125, 84, 367, 55, 832, 832, 832, 5, 832, 11, 694]
[309, 832, 832, 832, 686, 600, 832, 609, 832, 70, 832, 832]
[65, 116, 199, 251, 832, 753, 81, 832, 55, 65, 431, 183, 832, 832, 832, 131, 832, 832, 53, 28, 832, 237, 832]
[832, 347, 602, 96, 37, 832, 832, 121, 649, 832, 832, 3, 832, 832, 91, 832, 8, 30]
[309, 472, 195, 185, 832, 3, 832, 832, 813, 80, 832, 832]
[649, 832, 5, 832, 832, 832, 3, 680, 832, 832, 832, 537, 832, 832, 70, 832, 832, 832]
[3, 832, 37, 832, 231, 832, 324, 719, 832, 3, 832, 584]
[67, 182, 274, 3, 653, 832, 832, 832, 832]
